n = 15
density = 75
Q1 = [90.4285 0.0 0.0 0.0 0.0 0.0 0.0 0.0 0.0 0.0 0.0 0.0 0.0 0.0 0.0; 28.8119 0.0 0.0 0.0 0.0 0.0 0.0 0.0 0.0 0.0 0.0 0.0 0.0 0.0 0.0; 0.0 0.0 0.0 0.0 0.0 0.0 0.0 0.0 0.0 0.0 0.0 0.0 0.0 0.0 0.0; 96.7953 58.1913 51.2538 5.3854 0.0 0.0 0.0 0.0 0.0 0.0 0.0 0.0 0.0 0.0 0.0; 44.6746 51.9412 87.7312 83.501 100.6765 0.0 0.0 0.0 0.0 0.0 0.0 0.0 0.0 0.0 0.0; 16.3284 0.0 70.4482 58.3193 37.7922 0.0 0.0 0.0 0.0 0.0 0.0 0.0 0.0 0.0 0.0; 99.2828 97.8865 13.9905 54.3588 43.2618 32.3662 51.766 0.0 0.0 0.0 0.0 0.0 0.0 0.0 0.0; 0.0 69.0634 0.0 0.0 0.0 42.006 0.0 67.9327 0.0 0.0 0.0 0.0 0.0 0.0 0.0; 95.5466 10.4972 19.8517 71.5945 0.0 36.5435 21.8946 38.7278 89.763 0.0 0.0 0.0 0.0 0.0 0.0; 78.1628 0.0 56.9529 57.5345 5.0107 84.775 9.7905 64.2295 22.3538 63.1909 0.0 0.0 0.0 0.0 0.0; 35.7558 30.8525 0.0 34.7529 9.6568 21.7351 87.9993 57.8031 39.0126 0.0 0.0 0.0 0.0 0.0 0.0; 66.9416 18.2074 87.8685 45.8406 10.943 11.845 3.6371 7.918 12.9813 0.0 21.9728 0.0 0.0 0.0 0.0; 0.0 12.6514 0.0 50.5995 96.596 59.493 68.1588 2.4383 89.1168 83.5126 17.5123 45.7495 67.9401 0.0 0.0; 77.847 62.382 26.2208 0.0 37.0758 0.0 1.278 0.0 52.9064 38.8157 81.0331 69.8533 0.0 47.9375 0.0; 0.0 87.6814 17.3251 47.2975 0.0 28.0175 0.0 57.0929 57.4174 45.6902 51.4707 4.0083 0.0 55.9231 5.6488]
w = [49, 22, 12, 13, 19, 44, 4, 23, 30, 1, 47, 11, 29, 41, 30]
W = 59
k = 2
inst_name = "QKP_15_100_75"
feasible = true
Q2 = [5.912 0.0 0.0 0.0 0.0 0.0 0.0 0.0 0.0 0.0 0.0 0.0 0.0 0.0 0.0; 84.9297 100.6709 0.0 0.0 0.0 0.0 0.0 0.0 0.0 0.0 0.0 0.0 0.0 0.0 0.0; 100.7475 99.4927 99.9651 0.0 0.0 0.0 0.0 0.0 0.0 0.0 0.0 0.0 0.0 0.0 0.0; 4.7406 0.0 10.6017 94.9133 0.0 0.0 0.0 0.0 0.0 0.0 0.0 0.0 0.0 0.0 0.0; 70.1548 8.9622 9.9279 4.5732 0.0 0.0 0.0 0.0 0.0 0.0 0.0 0.0 0.0 0.0 0.0; 92.1153 100.7169 2.8751 20.6287 85.1587 99.7733 0.0 0.0 0.0 0.0 0.0 0.0 0.0 0.0 0.0; 0.0 1.939 87.1544 4.1391 73.8203 82.5654 11.3005 0.0 0.0 0.0 0.0 0.0 0.0 0.0 0.0; 100.7432 8.699 100.4928 100.8833 99.7565 79.5715 100.9244 18.1405 0.0 0.0 0.0 0.0 0.0 0.0 0.0; 1.796 97.2291 83.447 0.0 100.578 71.8272 97.8961 76.5261 5.9807 0.0 0.0 0.0 0.0 0.0 0.0; 10.6401 100.6019 17.3828 9.155 94.1431 14.6823 96.7271 24.372 99.8628 35.6616 0.0 0.0 0.0 0.0 0.0; 65.5319 77.21340000000001 99.0997 70.8524 91.6124 89.9778 0.8938 40.1207 78.7481 99.6372 99.8848 0.0 0.0 0.0 0.0; 25.6037 97.9999 0.0 54.1877 90.272 91.8663 100.7498 99.7127 93.3058 100.9872 91.6245 99.3142 0.0 0.0 0.0; 100.117 90.9218 100.9202 6.8311 1.1482999999999999 13.2986 13.494299999999999 100.2505 0.0 11.088 86.4729 76.1515 1.073 0.0 0.0; 5.0667 12.0111 77.4092 100.6716 68.7949 99.6361 98.7119 99.7351 7.4056 72.252 17.3471 22.9791 100.7623 77.4143 0.0; 100.0934 5.934 94.5369 68.7305 100.875 79.7521 99.7988 23.6924 0.0 98.8486 21.6661 94.5894 99.9876 41.424 95.4243]
