n = 10
density = 50
Q1 = [83.8869 0.0 0.0 0.0 0.0 0.0 0.0 0.0 0.0 0.0; 0.0 41.7987 0.0 0.0 0.0 0.0 0.0 0.0 0.0 0.0; 99.2587 13.8806 0.0 0.0 0.0 0.0 0.0 0.0 0.0 0.0; 58.7118 33.6017 0.0 0.0 0.0 0.0 0.0 0.0 0.0 0.0; 53.3409 97.9944 0.0 0.0 0.0 0.0 0.0 0.0 0.0 0.0; 36.3506 21.2857 8.431 80.1458 0.0 54.8688 0.0 0.0 0.0 0.0; 0.0 0.0 4.5504999999999995 66.6278 0.0 4.7974 52.1138 0.0 0.0 0.0; 41.0801 44.2611 39.5496 0.0 37.1091 0.0 0.0 0.0 0.0 0.0; 37.4798 0.0 0.0 1.2187999999999999 0.0 0.0 55.6266 27.7889 97.2935 0.0; 65.9002 0.0 0.0 0.0 0.0 20.1733 0.0 0.0 0.0 77.1312]
w = [40, 17, 17, 44, 32, 43, 42, 15, 45, 18]
W = 59
k = 2
inst_name = "QKP_10_100_50"
feasible = true
Q2 = [11.3375 0.0 0.0 0.0 0.0 0.0 0.0 0.0 0.0 0.0; 99.3711 60.5136 0.0 0.0 0.0 0.0 0.0 0.0 0.0 0.0; 0.0 94.0161 99.8576 0.0 0.0 0.0 0.0 0.0 0.0 0.0; 1.3329 78.0277 100.6168 100.1587 0.0 0.0 0.0 0.0 0.0 0.0; 44.7007 3.1399 99.5598 100.0282 99.745 0.0 0.0 0.0 0.0 0.0; 97.7908 92.1066 95.3818 4.8778 99.6195 18.8348 0.0 0.0 0.0 0.0; 100.6211 100.1999 98.0909 16.8909 100.2561 96.044 29.1639 0.0 0.0 0.0; 85.1605 83.1356 87.6713 99.2803 96.6643 100.1979 100.525 99.0073 0.0 0.0; 84.1466 100.3005 99.195 99.9876 99.7388 99.8239 24.9684 99.2045 0.5825 0.0; 0.0 99.964 99.2678 100.7176 99.4304 94.797 100.4712 100.4344 100.4817 7.6162]
