n = 15
density = 100
Q1 = [86.1451 0.0 0.0 0.0 0.0 0.0 0.0 0.0 0.0 0.0 0.0 0.0 0.0 0.0 0.0; 90.6124 60.5959 0.0 0.0 0.0 0.0 0.0 0.0 0.0 0.0 0.0 0.0 0.0 0.0 0.0; 34.2071 37.4187 22.642 0.0 0.0 0.0 0.0 0.0 0.0 0.0 0.0 0.0 0.0 0.0 0.0; 2.1212 71.6828 20.1529 32.1162 0.0 0.0 0.0 0.0 0.0 0.0 0.0 0.0 0.0 0.0 0.0; 67.2762 67.4619 43.1055 65.4599 51.8726 0.0 0.0 0.0 0.0 0.0 0.0 0.0 0.0 0.0 0.0; 98.0282 90.5036 46.4391 49.8696 69.1211 8.2181 0.0 0.0 0.0 0.0 0.0 0.0 0.0 0.0 0.0; 53.2442 92.5409 85.1292 9.2078 78.546 61.3896 49.4081 0.0 0.0 0.0 0.0 0.0 0.0 0.0 0.0; 9.0053 49.2716 4.5565 33.0902 1.2373 22.8025 96.9214 67.0377 0.0 0.0 0.0 0.0 0.0 0.0 0.0; 41.1409 11.0004 35.5248 39.1231 76.3938 4.6254 58.0826 1.1555 73.0276 0.0 0.0 0.0 0.0 0.0 0.0; 3.8422 8.2161 42.7363 44.9994 22.5475 85.4471 9.0176 71.3326 21.0398 87.8147 0.0 0.0 0.0 0.0 0.0; 17.624 98.1769 82.1011 27.4929 52.8321 66.2753 93.488 74.3733 89.1538 83.5516 66.4393 0.0 0.0 0.0 0.0; 34.6199 72.965 81.7326 54.2669 68.5736 99.61 74.6084 15.9531 70.1937 86.8964 36.5218 18.2691 0.0 0.0 0.0; 46.2313 73.3019 43.7767 95.6191 25.4093 48.8501 91.2435 67.6089 18.7458 17.1737 5.9351 12.2758 34.5372 0.0 0.0; 24.4281 61.2771 89.5182 9.4923 15.1027 52.7967 62.4093 7.898 12.9507 55.0308 68.8732 30.2602 68.9636 55.0075 0.0; 67.9577 1.0636 87.7145 22.9714 27.6456 78.1358 95.9347 19.4445 22.1614 91.6563 79.9048 7.8559 57.9426 50.7156 77.4927]
w = [47, 29, 49, 24, 43, 27, 13, 29, 43, 18, 1, 21, 14, 19, 3]
W = 59
k = 2
inst_name = "QKP_15_100_100"
feasible = true
Q2 = [0.6469 0.0 0.0 0.0 0.0 0.0 0.0 0.0 0.0 0.0 0.0 0.0 0.0 0.0 0.0; 7.6251 32.8316 0.0 0.0 0.0 0.0 0.0 0.0 0.0 0.0 0.0 0.0 0.0 0.0 0.0; 80.0721 79.7231 96.6396 0.0 0.0 0.0 0.0 0.0 0.0 0.0 0.0 0.0 0.0 0.0 0.0; 99.8234 7.3826 80.6312 99.3962 0.0 0.0 0.0 0.0 0.0 0.0 0.0 0.0 0.0 0.0 0.0; 13.031 28.5419 78.8279 4.3785 38.6647 0.0 0.0 0.0 0.0 0.0 0.0 0.0 0.0 0.0 0.0; 1.0083 8.2037 78.6138 58.4068 10.8089 98.6595 0.0 0.0 0.0 0.0 0.0 0.0 0.0 0.0 0.0; 10.3424 1.2889 8.8325 92.681 17.0173 2.8646 19.2915 0.0 0.0 0.0 0.0 0.0 0.0 0.0 0.0; 93.8194 5.6850000000000005 97.4686 95.0847 98.5037 89.6041 2.9055999999999997 12.6926 0.0 0.0 0.0 0.0 0.0 0.0 0.0; 63.3885 99.2773 99.8925 92.6856 22.6265 97.6557 6.8539 100.7595 25.8254 0.0 0.0 0.0 0.0 0.0 0.0; 99.3685 96.3861 76.2443 79.7909 85.6264 15.5619 94.9287 5.9919 89.2672 11.2441 0.0 0.0 0.0 0.0 0.0; 89.136 0.0 3.7288 92.08 5.5441 16.1303 6.2359 20.6351 1.0035 5.7893 0.0 0.0 0.0 0.0 0.0; 83.8824 14.1567 11.9929 31.5151 15.9807 0.0 19.1203 92.1953 9.5169 12.9751 96.6074 84.8163 0.0 0.0 0.0; 65.1968 17.5673 66.8196 3.4023 95.8476 92.5249 8.1012 17.173 92.3181 83.5567 95.976 88.7707 93.4965 0.0 0.0; 96.6812 12.8779 3.7972 91.2671 97.8764 7.2889 28.9992 99.2342 100.506 40.746 26.6197 90.2858 14.4897 39.3707 0.0; 5.9092 100.3253 10.6624 91.7196 81.5566 13.7812 4.6954 98.7002 86.9945 7.3681 16.585 99.1848 29.3645 32.3194 14.5289]
