n = 10
density = 50
Q1 = [84.91 0.0 0.0 0.0 0.0 0.0 0.0 0.0 0.0 0.0; 0.0 42.41 0.0 0.0 0.0 0.0 0.0 0.0 0.0 0.0; 99.03 13.12 0.0 0.0 0.0 0.0 0.0 0.0 0.0 0.0; 58.64 32.69 0.0 0.0 0.0 0.0 0.0 0.0 0.0 0.0; 52.56 97.55 0.0 0.0 0.0 0.0 0.0 0.0 0.0 0.0; 37.23 21.42 8.81 79.6 0.0 53.05 0.0 0.0 0.0 0.0; 0.0 0.0 4.39 66.28 0.0 3.59 51.16 0.0 0.0 0.0; 42.48 44.26 40.09 0.0 37.28 0.0 0.0 0.0 0.0 0.0; 37.41 0.0 0.0 1.9100000000000001 0.0 0.0 55.52 28.44 97.14 0.0; 65.91 0.0 0.0 0.0 0.0 20.29 0.0 0.0 0.0 77.21]
w = [40, 17, 17, 44, 32, 43, 42, 15, 45, 18]
W = 59
k = 2
inst_name = "QKP_10_100_50"
feasible = true
Q2 = [11.48 0.0 0.0 0.0 0.0 0.0 0.0 0.0 0.0 0.0; 100.55 59.17 0.0 0.0 0.0 0.0 0.0 0.0 0.0 0.0; 0.0 93.78 100.8 0.0 0.0 0.0 0.0 0.0 0.0 0.0; 2.82 78.85 99.58 99.07 0.0 0.0 0.0 0.0 0.0 0.0; 45.3 3.59 100.92 99.54 99.76 0.0 0.0 0.0 0.0 0.0; 97.99 92.79 95.79 3.41 100.46 18.82 0.0 0.0 0.0 0.0; 100.1 99.52 99.25 16.25 100.45 97.97 28.15 0.0 0.0 0.0; 84.46 83.71 87.65 99.21 95.89 100.86 99.94 99.42 0.0 0.0; 84.14 99.46 99.63 99.09 100.37 100.4 24.6 100.9 0.31999999999999995 0.0; 0.0 99.01 100.03 99.91 100.91 94.02 99.03 100.2 100.17 8.05]
