n = 15
density = 25
Q1 = [0.0 0.0 0.0 0.0 0.0 0.0 0.0 0.0 0.0 0.0 0.0 0.0 0.0 0.0 0.0; 0.0 0.0 0.0 0.0 0.0 0.0 0.0 0.0 0.0 0.0 0.0 0.0 0.0 0.0 0.0; 0.0 0.0 0.0 0.0 0.0 0.0 0.0 0.0 0.0 0.0 0.0 0.0 0.0 0.0 0.0; 0.0 0.0 0.0 0.0 0.0 0.0 0.0 0.0 0.0 0.0 0.0 0.0 0.0 0.0 0.0; 0.0 3.3305 0.0 82.006 58.6005 0.0 0.0 0.0 0.0 0.0 0.0 0.0 0.0 0.0 0.0; 0.0 0.0 0.0 0.0 18.236 65.4315 0.0 0.0 0.0 0.0 0.0 0.0 0.0 0.0 0.0; 82.7788 2.4752 0.0 0.0 0.0 22.7658 0.0 0.0 0.0 0.0 0.0 0.0 0.0 0.0 0.0; 0.0 0.0 0.0 83.6612 0.0 0.0 93.3006 0.0 0.0 0.0 0.0 0.0 0.0 0.0 0.0; 0.0 0.0 0.0 0.0 0.0 0.0 0.0 61.0402 0.0 0.0 0.0 0.0 0.0 0.0 0.0; 19.7179 0.0 0.0 0.0 0.0 0.0 0.0 0.0 98.8881 22.4389 0.0 0.0 0.0 0.0 0.0; 0.0 0.0 0.0 0.0 0.0 0.0 0.0 22.8255 21.8431 0.0 0.0 0.0 0.0 0.0 0.0; 38.9732 0.0 8.4018 0.0 0.0 0.0 0.0 0.0 0.0 26.6196 29.5746 48.2339 0.0 0.0 0.0; 94.3931 0.0 0.0 13.6794 0.0 0.0 0.0 0.0 0.0 0.0 0.0 32.9301 44.3195 0.0 0.0; 25.5714 0.0 0.0 0.0 0.0 0.0 0.0 0.0 41.9765 60.9073 0.0 20.2928 0.0 0.0 0.0; 0.0 5.4287 3.0465 61.6351 21.0116 15.0047 0.0 26.8132 58.4059 0.0 0.0 2.9436999999999998 60.5045 0.0 0.0]
w = [46, 4, 24, 15, 25, 10, 29, 32, 13, 28, 49, 23, 37, 23, 23]
W = 59
k = 2
inst_name = "QKP_15_100_25"
feasible = true
Q2 = [99.0517 0.0 0.0 0.0 0.0 0.0 0.0 0.0 0.0 0.0 0.0 0.0 0.0 0.0 0.0; 98.1065 98.1928 0.0 0.0 0.0 0.0 0.0 0.0 0.0 0.0 0.0 0.0 0.0 0.0 0.0; 99.7263 99.2777 98.3494 0.0 0.0 0.0 0.0 0.0 0.0 0.0 0.0 0.0 0.0 0.0 0.0; 98.0736 99.9876 99.3641 98.2688 0.0 0.0 0.0 0.0 0.0 0.0 0.0 0.0 0.0 0.0 0.0; 98.2262 97.0186 98.512 5.8551 22.7216 0.0 0.0 0.0 0.0 0.0 0.0 0.0 0.0 0.0 0.0; 99.8125 99.7399 99.4517 99.5672 95.5796 5.0172 0.0 0.0 0.0 0.0 0.0 0.0 0.0 0.0 0.0; 6.6369 99.126 99.7379 98.3108 99.9368 91.5836 98.8076 0.0 0.0 0.0 0.0 0.0 0.0 0.0 0.0; 99.0067 98.7368 99.8673 0.0 99.9173 98.3387 3.032 98.5852 0.0 0.0 0.0 0.0 0.0 0.0 0.0; 98.6689 99.3521 99.9132 99.8186 98.8429 98.1487 98.2898 16.8783 99.7764 0.0 0.0 0.0 0.0 0.0 0.0; 96.4136 99.5493 99.2193 99.4139 98.4975 98.5938 98.6268 99.5578 0.0 86.7733 0.0 0.0 0.0 0.0 0.0; 98.8137 99.4153 98.4242 99.7203 98.3492 98.8282 99.6757 99.6104 88.466 98.0103 98.47409999999999 0.0 0.0 0.0 0.0; 76.5105 99.6867 95.5269 98.1377 98.5192 98.2167 98.3621 99.106 98.6355 91.2132 96.8044 85.4786 0.0 0.0 0.0; 3.0033 99.1913 99.1637 86.9845 98.7251 99.2843 98.0125 99.7022 98.4635 98.6624 98.9599 98.4267 59.9259 0.0 0.0; 81.1449 98.8165 98.8483 98.3224 99.7147 99.4009 99.7815 99.932 64.5384 20.3822 98.9602 94.289 99.2461 99.3191 0.0; 99.2388 95.2511 96.9219 25.7451 93.8426 87.5154 98.0766 88.5582 33.3411 98.8016 99.6675 98.0838 28.6617 99.6349 99.9722]
