n = 10
density = 75
Q1 = [79.4825 0.0 0.0 0.0 0.0 0.0 0.0 0.0 0.0 0.0; 96.8187 4.3774999999999995 0.0 0.0 0.0 0.0 0.0 0.0 0.0 0.0; 51.861 91.6051 0.0 0.0 0.0 0.0 0.0 0.0 0.0 0.0; 10.0174 32.0537 8.6646 21.0041 0.0 0.0 0.0 0.0 0.0 0.0; 82.4999 50.4475 43.1481 0.0 73.9628 0.0 0.0 0.0 0.0 0.0; 5.6389 0.0 0.0 11.7167 0.0 15.7666 0.0 0.0 0.0 0.0; 21.8821 73.4188 0.0 0.0 10.979800000000001 0.0 94.6941 0.0 0.0 0.0; 31.1615 0.0 0.0 0.0 3.2507 17.0641 66.5944 76.0769 0.0 0.0; 38.1028 0.0 38.081 72.4237 28.6878 38.8931 86.6504 0.0 24.9593 0.0; 0.0 0.0 0.0 93.6192 0.0 0.0 48.4851 57.9673 61.7321 29.4328]
w = [38, 46, 50, 29, 41, 42, 4, 16, 12, 27]
W = 54
k = 2
inst_name = "QKP_10_100_75"
feasible = true
Q2 = [6.9342 0.0 0.0 0.0 0.0 0.0 0.0 0.0 0.0 0.0; 0.0 92.3417 0.0 0.0 0.0 0.0 0.0 0.0 0.0 0.0; 20.4299 1.1794 95.9623 0.0 0.0 0.0 0.0 0.0 0.0 0.0; 87.3007 74.9104 89.3775 86.6808 0.0 0.0 0.0 0.0 0.0 0.0; 10.826 3.7343 70.0021 95.7248 19.9143 0.0 0.0 0.0 0.0 0.0; 90.1705 96.1238 96.7862 87.9661 95.9112 80.0974 0.0 0.0 0.0 0.0; 88.829 0.0 95.9956 96.4235 91.7845 95.6008 0.0 0.0 0.0 0.0; 88.2844 95.6578 95.3312 96.3299 94.1974 85.3698 1.8858 13.0679 0.0 0.0; 85.7661 96.438 90.3883 3.0735 75.9385 62.623 0.005499999999999949 96.2848 86.6463 0.0; 95.533 95.2502 96.132 2.7556 96.7089 95.2378 47.958 0.021100000000000008 12.4186 80.5463]
