n = 15
density = 50
Q1 = [41.52 0.0 0.0 0.0 0.0 0.0 0.0 0.0 0.0 0.0 0.0 0.0 0.0 0.0 0.0; 65.0 34.09 0.0 0.0 0.0 0.0 0.0 0.0 0.0 0.0 0.0 0.0 0.0 0.0 0.0; 0.0 0.0 40.01 0.0 0.0 0.0 0.0 0.0 0.0 0.0 0.0 0.0 0.0 0.0 0.0; 68.59 0.0 0.0 0.0 0.0 0.0 0.0 0.0 0.0 0.0 0.0 0.0 0.0 0.0 0.0; 80.65 11.52 15.21 0.0 0.0 0.0 0.0 0.0 0.0 0.0 0.0 0.0 0.0 0.0 0.0; 54.03 12.11 0.0 15.17 65.4 0.0 0.0 0.0 0.0 0.0 0.0 0.0 0.0 0.0 0.0; 80.86 36.63 0.0 88.61 0.0 12.6 0.0 0.0 0.0 0.0 0.0 0.0 0.0 0.0 0.0; 93.62 99.47 0.0 0.0 19.61 29.94 0.0 0.0 0.0 0.0 0.0 0.0 0.0 0.0 0.0; 52.64 67.65 47.47 0.0 71.66 16.21 0.0 30.74 44.75 0.0 0.0 0.0 0.0 0.0 0.0; 0.0 0.0 50.79 50.12 0.0 7.43 6.28 9.96 9.46 97.15 0.0 0.0 0.0 0.0 0.0; 0.0 79.93 0.0 29.79 7.74 0.0 0.0 0.0 0.0 0.0 38.95 0.0 0.0 0.0 0.0; 0.0 75.1 6.93 0.0 70.45 95.51 0.0 90.08 0.0 0.0 0.0 36.22 0.0 0.0 0.0; 0.0 4.25 0.0 0.0 90.05 15.0 0.0 97.82 0.0 32.65 0.0 0.0 0.0 0.0 0.0; 90.26 56.63 0.0 0.0 0.0 0.0 0.0 0.0 23.33 0.0 42.85 0.0 0.0 0.0 0.0; 90.81 78.23 84.25 0.0 65.33 0.0 9.61 0.0 0.0 0.0 15.06 0.0 0.0 0.0 76.66]
w = [48, 40, 13, 38, 48, 24, 22, 26, 23, 26, 29, 41, 9, 19, 43]
W = 53
k = 2
inst_name = "QKP_15_100_50"
feasible = true
Q2 = [97.33 0.0 0.0 0.0 0.0 0.0 0.0 0.0 0.0 0.0 0.0 0.0 0.0 0.0 0.0; 3.49 90.71 0.0 0.0 0.0 0.0 0.0 0.0 0.0 0.0 0.0 0.0 0.0 0.0 0.0; 99.57 99.7 84.35 0.0 0.0 0.0 0.0 0.0 0.0 0.0 0.0 0.0 0.0 0.0 0.0; 21.84 100.42 99.31 100.98 0.0 0.0 0.0 0.0 0.0 0.0 0.0 0.0 0.0 0.0 0.0; 16.61 90.29 96.48 99.69 99.75 0.0 0.0 0.0 0.0 0.0 0.0 0.0 0.0 0.0 0.0; 44.42 92.23 100.06 99.39 7.8 100.14 0.0 0.0 0.0 0.0 0.0 0.0 0.0 0.0 0.0; 9.69 75.95 100.19 9.91 100.87 88.06 99.53 0.0 0.0 0.0 0.0 0.0 0.0 0.0 0.0; 1.11 0.0 100.42 100.13 82.9 72.96 99.14 99.93 0.0 0.0 0.0 0.0 0.0 0.0 0.0; 24.18 19.63 79.93 99.03 0.0 92.89 100.13 74.07 70.12 0.0 0.0 0.0 0.0 0.0 0.0; 100.69 100.57 39.76 27.76 100.02 95.78 99.86 94.79 98.63 1.27 0.0 0.0 0.0 0.0 0.0; 99.0 14.68 99.97 76.11 97.94 99.64 100.73 100.21 100.39 100.83 61.47 0.0 0.0 0.0 0.0; 99.2 17.35 95.04 100.09 0.0 1.52 100.34 0.0 99.96 100.17 100.17 65.08 0.0 0.0 0.0; 100.76 97.17 99.1 100.6 6.79 97.8 100.67 1.6600000000000001 100.38 72.48 100.01 100.23 100.84 0.0 0.0; 2.8 15.88 99.36 100.54 100.9 100.15 100.55 99.53 100.29 99.7 79.28 100.46 100.83 100.4 0.0; 1.17 1.6400000000000001 4.82 100.59 7.21 99.06 95.84 100.68 100.09 100.61 92.58 100.1 100.48 100.43 17.98]
