n = 15
density = 100
Q1 = [87.33 0.0 0.0 0.0 0.0 0.0 0.0 0.0 0.0 0.0 0.0 0.0 0.0 0.0 0.0; 90.42 60.34 0.0 0.0 0.0 0.0 0.0 0.0 0.0 0.0 0.0 0.0 0.0 0.0 0.0; 35.07 37.46 23.16 0.0 0.0 0.0 0.0 0.0 0.0 0.0 0.0 0.0 0.0 0.0 0.0; 1.94 71.4 20.51 31.09 0.0 0.0 0.0 0.0 0.0 0.0 0.0 0.0 0.0 0.0 0.0; 68.05 67.48 44.93 65.28 51.27 0.0 0.0 0.0 0.0 0.0 0.0 0.0 0.0 0.0 0.0; 97.46 90.25 45.73 48.65 68.53 8.5 0.0 0.0 0.0 0.0 0.0 0.0 0.0 0.0 0.0; 53.0 92.63 85.52 9.43 79.04 61.58 50.74 0.0 0.0 0.0 0.0 0.0 0.0 0.0 0.0; 9.23 50.14 5.91 34.36 0.15000000000000002 21.1 96.12 68.25 0.0 0.0 0.0 0.0 0.0 0.0 0.0; 40.02 10.45 35.28 40.58 76.89 3.2199999999999998 58.45 2.86 74.32 0.0 0.0 0.0 0.0 0.0 0.0; 3.15 9.17 42.72 44.84 21.91 85.0 10.16 71.68 21.61 87.45 0.0 0.0 0.0 0.0 0.0; 17.84 99.06 83.41 26.09 52.94 65.33 93.73 74.03 90.31 82.82 66.37 0.0 0.0 0.0 0.0; 34.37 72.64 81.03 53.93 67.86 99.57 74.18 16.76 70.31 86.37 36.13 18.79 0.0 0.0 0.0; 46.51 73.64 43.96 96.87 25.53 48.28 90.28 67.54 19.69 17.83 5.59 11.08 34.45 0.0 0.0; 24.14 61.87 90.58 9.12 15.05 52.89 62.58 7.47 12.64 56.37 67.89 30.57 67.99 56.09 0.0; 66.28 1.07 87.28 21.56 27.8 78.14 94.78 19.1 22.79 92.01 79.39 7.3100000000000005 57.77 49.66 78.86]
w = [47, 29, 49, 24, 43, 27, 13, 29, 43, 18, 1, 21, 14, 19, 3]
W = 59
k = 2
inst_name = "QKP_15_100_100"
feasible = true
Q2 = [0.63 0.0 0.0 0.0 0.0 0.0 0.0 0.0 0.0 0.0 0.0 0.0 0.0 0.0 0.0; 8.48 32.22 0.0 0.0 0.0 0.0 0.0 0.0 0.0 0.0 0.0 0.0 0.0 0.0 0.0; 81.01 80.76 96.81 0.0 0.0 0.0 0.0 0.0 0.0 0.0 0.0 0.0 0.0 0.0 0.0; 99.6 7.38 80.71 99.1 0.0 0.0 0.0 0.0 0.0 0.0 0.0 0.0 0.0 0.0 0.0; 14.29 29.33 77.01 4.72 39.74 0.0 0.0 0.0 0.0 0.0 0.0 0.0 0.0 0.0 0.0; 1.15 8.44 78.46 58.03 10.2 98.08 0.0 0.0 0.0 0.0 0.0 0.0 0.0 0.0 0.0; 9.33 1.81 7.35 92.5 18.57 3.12 19.75 0.0 0.0 0.0 0.0 0.0 0.0 0.0 0.0; 93.92 5.11 96.79 95.81 99.27 89.89 1.54 13.13 0.0 0.0 0.0 0.0 0.0 0.0 0.0; 63.79 99.11 98.78 92.02 23.34 97.21 7.49 99.88 26.48 0.0 0.0 0.0 0.0 0.0 0.0; 99.59 95.59 77.87 80.32 85.33 15.26 94.24 6.96 89.63 12.92 0.0 0.0 0.0 0.0 0.0; 89.98 0.0 2.4699999999999998 91.34 5.03 16.32 6.44 20.92 1.2 5.98 0.0 0.0 0.0 0.0 0.0; 82.84 14.53 11.42 31.16 15.03 0.0 19.26 92.33 8.78 11.65 96.29 84.42 0.0 0.0 0.0; 66.0 17.8 66.98 4.0 95.83 92.5 8.22 17.77 92.6 83.1 95.39 87.89 92.8 0.0 0.0; 97.96 13.7 3.11 91.07 96.5 7.15 28.56 99.6 99.46 40.19 27.5 89.37 15.91 38.37 0.0; 6.19 99.9 10.52 92.94 81.08 12.87 5.07 99.67 86.44 7.86 16.69 98.64 28.44 32.29 14.12]
