n = 10
density = 100
Q1 = [29.8272 0.0 0.0 0.0 0.0 0.0 0.0 0.0 0.0 0.0; 59.5615 91.465 0.0 0.0 0.0 0.0 0.0 0.0 0.0 0.0; 96.8447 63.3397 52.1091 0.0 0.0 0.0 0.0 0.0 0.0 0.0; 82.5001 78.0307 76.7711 16.809 0.0 0.0 0.0 0.0 0.0 0.0; 81.0627 1.3247 26.7963 74.9384 21.7723 0.0 0.0 0.0 0.0 0.0; 45.1828 70.6419 54.7196 47.0088 53.0399 18.1663 0.0 0.0 0.0 0.0; 24.5425 41.0864 95.5474 58.8022 81.5282 83.8211 67.0234 0.0 0.0 0.0; 95.1624 57.2287 48.4734 26.5051 72.254 60.0185 32.3782 75.8787 0.0 0.0; 7.182 75.3313 4.8102 66.8002 49.3778 46.3012 67.8772 23.3177 35.5837 0.0; 67.2167 21.8729 81.4394 97.1641 24.3256 63.7895 69.8155 83.8023 57.7644 99.8659]
w = [39, 39, 40, 40, 21, 5, 6, 30, 23, 42]
W = 54
k = 2
inst_name = "QKP_10_100_100"
feasible = true
Q2 = [91.7654 0.0 0.0 0.0 0.0 0.0 0.0 0.0 0.0 0.0; 20.5936 5.1924 0.0 0.0 0.0 0.0 0.0 0.0 0.0 0.0; 2.9632 0.0 31.6098 0.0 0.0 0.0 0.0 0.0 0.0 0.0; 0.0 7.6392 1.0371000000000001 96.3459 0.0 0.0 0.0 0.0 0.0 0.0; 6.7762 98.0044 74.3409 12.5843 83.3577 0.0 0.0 0.0 0.0 0.0; 87.8651 18.8955 15.517 86.122 17.5842 86.9914 0.0 0.0 0.0 0.0; 88.076 80.4482 2.0012 6.8774999999999995 5.85 6.9642 5.0564 0.0 0.0 0.0; 2.8527 22.1847 59.2848 76.5748 1.2172 20.2838 92.0913 19.2087 0.0 0.0; 98.6466 17.4948 97.6206 12.5747 65.8089 93.5319 24.2057 95.4533 98.3212 0.0; 12.0973 83.1286 6.4489 0.2893 97.387 6.8787 16.0857 8.8196 29.1265 0.0]
