n = 10
density = 100
Q1 = [29.23 0.0 0.0 0.0 0.0 0.0 0.0 0.0 0.0 0.0; 58.15 92.84 0.0 0.0 0.0 0.0 0.0 0.0 0.0 0.0; 95.03 63.91 52.29 0.0 0.0 0.0 0.0 0.0 0.0 0.0; 81.09 79.24 75.61 15.92 0.0 0.0 0.0 0.0 0.0 0.0; 82.64 0.76 26.6 75.37 21.42 0.0 0.0 0.0 0.0 0.0; 45.63 71.2 53.95 48.49 52.41 18.16 0.0 0.0 0.0 0.0; 24.11 40.65 95.09 57.55 80.64 82.91 67.25 0.0 0.0 0.0; 96.66 58.47 48.21 26.77 72.21 61.96 32.48 75.41 0.0 0.0; 7.15 76.89 3.94 66.61 48.85 46.02 67.84 22.41 35.13 0.0; 66.18 20.87 81.06 97.8 25.84 64.07 70.0 83.93 57.44 98.26]
w = [39, 39, 40, 40, 21, 5, 6, 30, 23, 42]
W = 54
k = 2
inst_name = "QKP_10_100_100"
feasible = true
Q2 = [91.47 0.0 0.0 0.0 0.0 0.0 0.0 0.0 0.0 0.0; 20.04 5.9399999999999995 0.0 0.0 0.0 0.0 0.0 0.0 0.0 0.0; 1.71 0.0 31.01 0.0 0.0 0.0 0.0 0.0 0.0 0.0; 0.0 8.19 1.53 96.09 0.0 0.0 0.0 0.0 0.0 0.0; 6.64 98.64 74.86 12.01 82.75 0.0 0.0 0.0 0.0 0.0; 87.23 18.36 15.06 86.89 18.06 86.79 0.0 0.0 0.0 0.0; 89.72 80.16 2.74 6.33 5.33 5.98 6.8100000000000005 0.0 0.0 0.0; 3.12 22.67 60.02 77.85 1.33 20.57 92.89 19.0 0.0 0.0; 98.49 16.12 97.73 11.87 65.47 92.6 23.09 94.21 98.4 0.0; 13.57 83.17 7.51 1.51 96.88 6.81 16.03 8.28 29.07 0.0]
