total_time = 756.0
NDP = 61
Y_N = Any[[675.4033, 305.5983], [670.5275999999999, 322.2412], [669.0740000000001, 331.45509999999996], [661.8972, 360.12600000000003], [658.3663, 370.86480000000006], [647.2783, 378.24280000000005], [641.5532999999999, 380.187], [637.1905, 381.27060000000006], [634.5034, 397.7702], [633.704, 415.9301000000001], [613.401, 444.9803], [607.6747, 451.2291], [591.4037000000001, 485.8017], [591.1791000000001, 493.3403], [570.5503000000001, 509.11330000000004], [567.5448999999999, 510.1524999999999], [566.6154, 510.6207], [551.973, 523.4513], [547.402, 523.4700000000001], [542.5802000000001, 543.0624], [538.3477, 571.7688], [537.1103, 589.4583], [525.7684, 623.0549000000001], [488.958, 634.9757000000001], [483.3507, 636.4599000000001], [466.7667, 649.4118], [460.27939999999995, 673.3306], [455.09659999999997, 719.9130000000001], [422.97769999999997, 723.2134000000001], [415.4445, 736.0455999999999], [413.6808, 753.403], [396.1078, 786.4947999999999], [393.355, 804.8683], [367.1347, 824.1474000000001], [334.9328, 832.3639000000001], [331.30240000000003, 834.0302999999999], [326.75350000000003, 877.7383], [294.1252, 880.761], [277.6244, 893.3599999999999], [276.0921, 911.5797], [245.20280000000002, 919.6059], [236.0761, 921.3481000000002], [221.95890000000003, 923.1818000000001], [217.54090000000002, 931.2516999999999], [214.26709999999997, 938.9383], [204.4819, 944.4782], [204.30350000000004, 959.4190000000001], [154.5739, 959.5463], [150.0634, 960.2577], [142.05060000000003, 961.1419], [128.868, 961.3655999999999], [127.98300000000002, 971.5442], [116.1173, 974.7455], [109.7706, 975.5715], [104.39150000000001, 978.0941], [103.3118, 981.4434999999999], [90.8714, 984.1885], [73.9096, 989.644], [68.4554, 997.0127000000001], [19.6062, 997.2622000000001], [19.0487, 998.3423]]
