total_time = 74.59
NDP = 37
Y_N = Any[[533.49, 10.09], [491.67, 80.13], [489.48, 82.15], [485.6, 111.53000000000002], [480.82, 126.25], [480.80999999999995, 129.87], [460.03999999999996, 133.55], [460.03, 143.14999999999998], [458.78, 192.37], [445.85, 220.41999999999996], [428.43, 226.97000000000003], [426.76, 227.16], [426.02, 229.71999999999997], [422.39000000000004, 260.06], [406.94, 288.52], [387.15000000000003, 289.5], [386.27, 300.26], [386.13, 301.65], [382.30999999999995, 307.39], [376.59, 308.92999999999995], [374.95000000000005, 316.83], [362.87, 363.08], [346.33, 374.35], [338.41999999999996, 375.18], [338.24, 383.71999999999997], [338.03, 384.72999999999996], [322.52, 400.75], [309.94, 425.67999999999995], [282.27, 450.24], [281.41, 474.62999999999994], [263.51, 479.19999999999993], [250.5, 486.35999999999996], [241.01999999999998, 499.43], [220.82000000000002, 501.32000000000005], [217.60000000000002, 503.86], [214.82, 534.55], [209.19, 579.98]]
