total_time = 27.87
NDP = 65
Y_N = Any[[664.73, 1306.8899999999996], [651.7, 1346.62], [650.6899999999999, 1357.1], [638.5300000000001, 1396.6799999999998], [631.22, 1400.5199999999998], [614.95, 1416.2499999999995], [612.6400000000001, 1503.33], [580.1500000000001, 1565.5500000000002], [538.8000000000001, 1592.01], [537.89, 1595.21], [532.61, 1599.79], [526.74, 1610.8999999999999], [517.0799999999999, 1636.72], [496.18000000000006, 1654.6], [488.64, 1656.4399999999998], [486.88, 1665.0699999999997], [482.96999999999997, 1680.7499999999998], [478.82, 1720.83], [466.8, 1725.8499999999997], [448.85, 1727.03], [447.17, 1733.74], [441.61, 1734.5299999999997], [440.41, 1736.7999999999997], [438.46, 1738.9899999999998], [428.65, 1749.4999999999998], [424.18, 1774.0], [419.48, 1782.4499999999998], [402.1, 1787.4999999999998], [399.71, 1796.07], [397.62, 1796.76], [389.3, 1803.4899999999998], [386.08000000000004, 1809.8399999999995], [378.11, 1820.8499999999997], [373.8, 1823.48], [369.38, 1827.37], [367.71, 1829.0799999999997], [365.59999999999997, 1830.44], [365.42999999999995, 1848.5399999999997], [352.76, 1874.1999999999998], [342.75, 1881.0699999999997], [339.90999999999997, 1904.46], [318.76, 1914.4099999999999], [297.96999999999997, 1922.19], [297.34, 1964.9399999999996], [257.13, 1978.43], [251.03999999999996, 1996.12], [239.99, 1997.8], [224.06, 2014.51], [198.11, 2022.6999999999998], [191.58999999999997, 2029.2200000000003], [165.62, 2036.86], [163.66, 2040.6900000000003], [148.28, 2047.7900000000002], [146.32, 2048.38], [136.14000000000001, 2054.4200000000005], [125.08, 2056.12], [122.33, 2058.21], [120.37, 2058.95], [116.54, 2065.08], [100.21000000000001, 2065.1700000000005], [85.58, 2069.25], [84.75, 2074.0400000000004], [72.28, 2078.73], [48.0, 2083.32], [0.0, 2085.55]]
