total_time = 1.44
NDP = 27
Y_N = Any[[286.37, 4.91], [282.84, 5.11], [272.90999999999997, 15.649999999999999], [261.27, 34.839999999999996], [254.61, 41.290000000000006], [240.05, 44.370000000000005], [238.2, 44.89], [235.77999999999997, 60.5], [235.45000000000002, 65.21], [233.05, 103.98], [228.29000000000002, 107.99000000000001], [223.33999999999997, 117.06], [212.16000000000003, 120.2], [208.3, 132.78], [195.66, 138.08999999999997], [186.67, 146.63], [182.47, 197.23000000000002], [173.99, 213.55], [131.95, 223.35], [119.94, 224.31], [117.86, 250.75], [117.44, 258.94], [106.36999999999999, 263.32], [101.8, 263.97], [99.36, 279.57], [91.16, 281.05], [84.81, 284.48]]
