total_time = 581.07
NDP = 57
Y_N = Any[[690.3966, 257.3955], [644.8323999999999, 322.7479], [640.0694, 348.46440000000007], [619.1524999999999, 350.64149999999995], [618.5650999999999, 406.24189999999993], [592.4445000000001, 422.16959999999995], [588.7389000000001, 439.76649999999995], [583.2059, 472.2175], [569.1633, 480.3412000000001], [563.5935, 489.4382999999999], [563.5262, 516.2853], [555.631, 518.1516], [550.4006999999999, 542.0456], [549.3775, 546.6039000000001], [542.1772, 549.7771], [516.4209, 608.5327000000001], [474.26779999999997, 610.5768], [470.45430000000005, 645.1012], [448.25300000000004, 649.5118], [447.77700000000004, 658.6305], [434.4018, 662.1006], [430.8348, 664.2104999999999], [418.86959999999993, 666.9916000000001], [412.62120000000004, 678.7152], [395.0318, 708.3906999999999], [382.78389999999996, 720.3121], [370.1744, 732.7843], [353.9753, 751.1741], [350.94090000000006, 761.9316], [320.99359999999996, 767.4871999999999], [307.72339999999997, 781.6283999999999], [306.46229999999997, 782.2334999999999], [300.56179999999995, 784.3343], [290.5482, 795.6813], [289.2174, 797.8364], [280.8692, 811.2555], [276.6775, 824.7434], [260.98370000000006, 827.624], [259.12260000000003, 857.2953999999999], [246.7343, 861.9923], [237.7918, 863.1910999999999], [229.92770000000002, 870.7172999999998], [223.75010000000003, 875.2625], [202.8852, 905.0706999999999], [171.1668, 914.7696999999998], [167.0857, 933.054], [153.9446, 942.7234], [134.0717, 950.8389], [126.3904, 952.6853999999998], [123.9089, 963.9721], [100.0735, 964.3303999999999], [87.0273, 965.4658], [81.0959, 971.8756], [75.4464, 976.5938000000001], [69.47879999999999, 996.1384], [22.5127, 1000.3069], [0.0, 1002.4146000000001]]
