total_time = 4.36
NDP = 27
Y_N = Any[[296.37, 265.8], [265.37, 303.96000000000004], [255.04000000000002, 307.15000000000003], [253.96, 311.12], [249.47000000000003, 331.64], [232.43, 338.82], [214.56, 392.15], [199.88, 397.39], [191.89, 400.8], [188.0, 410.57], [173.47, 447.42], [173.07999999999998, 476.17], [155.81, 487.05], [120.09, 487.19000000000005], [118.96000000000001, 493.54999999999995], [109.19, 497.34], [102.86, 499.28], [96.66, 506.44], [90.33, 509.58000000000004], [88.50999999999999, 540.21], [79.08, 543.1400000000001], [78.53999999999999, 571.5999999999999], [56.65, 576.0600000000001], [55.11, 581.75], [48.78, 584.19], [25.59, 584.25], [23.19, 585.4300000000001]]
