total_time = 0.4
NDP = 18
Y_N = Any[[256.9637, 33.1411], [222.83550000000002, 38.5158], [202.54489999999998, 53.412], [197.853, 91.3608], [192.9802, 109.0355], [187.8492, 121.83090000000001], [181.4799, 125.46549999999999], [172.6817, 127.34880000000001], [169.9725, 137.38989999999998], [168.435, 143.8954], [164.9303, 190.4312], [162.27249999999998, 196.295], [132.5803, 205.64469999999997], [132.2441, 207.1735], [126.31060000000001, 211.64], [111.8191, 228.0088], [96.616, 230.034], [91.6054, 284.68089999999995]]
