total_time = 3.26
NDP = 25
Y_N = Any[[273.5245, 13.8681], [243.1393, 43.020599999999995], [218.70770000000002, 97.47250000000001], [203.9214, 102.7718], [200.2355, 115.3726], [188.61169999999998, 136.7418], [177.7159, 185.1158], [140.6632, 188.82530000000003], [139.9557, 191.60360000000003], [139.4626, 211.4613], [112.22200000000001, 211.6166], [100.80080000000001, 219.6006], [97.90350000000001, 240.1853], [95.64920000000001, 250.572], [92.05449999999999, 270.7204], [86.7285, 277.9208], [85.3514, 280.7635], [77.84440000000001, 282.9765], [62.38, 293.1796], [43.4702, 298.2089], [19.0606, 299.06809999999996], [12.0867, 299.3654], [12.0848, 300.1447], [1.641, 300.2494], [0.0, 301.8496]]
