total_time = 351.91
NDP = 45
Y_N = Any[[464.7933, 128.28969999999998], [454.6705, 128.8443], [445.8536, 137.1641], [434.83130000000006, 173.2234], [416.13399999999996, 191.61309999999997], [416.0426, 198.9349], [406.63509999999997, 203.9269], [398.9606, 215.05259999999998], [390.8736, 248.371], [380.6939, 276.6368], [375.1383, 282.3292], [362.3558, 282.7171], [358.0184, 298.446], [349.65350000000007, 318.83050000000003], [348.80539999999996, 330.4532], [337.00120000000004, 338.868], [319.2832, 383.7975], [302.085, 387.17549999999994], [288.6652, 391.0821000000001], [274.4881, 404.745], [264.8929, 404.89020000000005], [260.5449, 408.02660000000003], [248.87990000000002, 459.1785], [229.53289999999998, 471.40740000000005], [224.5068, 481.39379999999994], [207.4828, 483.3672], [197.0116, 488.23120000000006], [183.88600000000002, 489.3292], [180.5142, 496.4905], [177.9498, 499.9884], [168.4732, 528.3766], [166.6193, 537.4995], [135.63619999999997, 551.1168], [124.5729, 572.7332], [122.51249999999999, 575.7357000000001], [120.7511, 577.4949], [105.126, 584.4984000000001], [78.58539999999999, 585.0155], [77.94059999999999, 586.5684], [69.7733, 590.5154], [50.827, 591.741], [47.9867, 592.6933], [46.1118, 594.8539000000001], [41.6512, 601.9185], [5.3976, 602.3149999999999]]
