total_time = 3.76
NDP = 21
Y_N = Any[[152.04, 107.78], [142.32999999999998, 119.42999999999999], [137.01999999999998, 146.73000000000002], [109.11999999999999, 188.72], [101.75999999999999, 202.13], [94.61, 208.55], [89.26, 209.55], [83.63, 214.89], [73.14999999999999, 216.36], [69.89, 222.17000000000002], [67.22, 227.47], [61.98, 234.19], [50.43, 234.5], [47.879999999999995, 277.70000000000005], [47.63, 290.92], [46.35, 291.84], [29.42, 293.64], [19.28, 295.77], [19.26, 296.35], [18.95, 300.86], [0.0, 301.89]]
