total_time = 22.35
NDP = 40
Y_N = Any[[490.63, 103.64], [471.98, 109.59000000000002], [460.90000000000003, 126.75999999999999], [441.69, 135.3], [434.73, 184.17000000000002], [428.08000000000004, 186.34], [427.91, 199.75], [413.0, 213.55], [405.97999999999996, 258.59], [377.85999999999996, 276.24], [361.62, 285.66999999999996], [358.31, 287.1], [355.51, 293.34], [351.19, 297.47], [340.30999999999995, 313.63], [338.15999999999997, 356.17], [324.73999999999995, 356.84], [313.21999999999997, 392.72999999999996], [281.31, 398.32], [276.04, 413.28999999999996], [269.94, 448.02], [245.56000000000003, 450.38], [245.36, 451.10999999999996], [239.36, 454.82000000000005], [237.47, 455.72], [228.30999999999997, 457.09], [223.75, 467.41999999999996], [212.55, 468.0], [210.3, 471.06], [207.58, 489.95], [203.93, 497.96999999999997], [199.26, 514.37], [194.79000000000002, 536.66], [165.05, 537.02], [163.07000000000002, 543.1700000000001], [153.91, 543.24], [151.76, 551.84], [141.21, 562.3199999999999], [136.92999999999998, 572.71], [117.79999999999998, 586.5699999999999]]
