total_time = 0.24
NDP = 10
Y_N = Any[[185.727, 124.95870000000001], [150.0775, 169.02219999999997], [133.0258, 231.55339999999998], [79.9869, 239.65160000000003], [78.4941, 244.7569], [75.2841, 274.4638], [40.1158, 285.1699], [38.649, 288.40369999999996], [14.0531, 298.341], [0.0, 301.55870000000004]]
