total_time = 0.64
NDP = 18
Y_N = Any[[265.2126, 2.2213], [246.8199, 7.053699999999999], [241.47729999999999, 17.2125], [231.7822, 52.2137], [196.4235, 100.6473], [190.4395, 106.5587], [188.4077, 109.893], [175.3077, 141.5051], [149.9441, 185.3279], [117.7908, 199.7076], [114.5299, 229.9345], [74.1583, 254.7886], [58.3317, 259.0681], [53.3229, 272.9992], [22.9739, 289.9263], [21.9728, 290.82349999999997], [18.2074, 297.985], [0.0, 300.1287]]
