total_time = 0.16
NDP = 10
Y_N = Any[[187.95, 125.37999999999998], [151.36, 170.02], [132.23, 234.4], [81.80000000000001, 241.15], [78.96000000000001, 245.79], [74.1, 274.76], [40.01, 284.7], [38.34, 288.72], [15.0, 298.78], [0.0, 302.41999999999996]]
