total_time = 0.14
NDP = 12
Y_N = Any[[238.01, 15.76], [203.17, 87.85000000000001], [195.78000000000003, 96.28999999999999], [189.60000000000002, 108.96999999999998], [177.76, 111.25], [171.51000000000002, 128.96], [143.11, 177.95999999999998], [127.73, 180.41000000000003], [115.8, 181.91], [113.93, 182.55], [101.22, 196.82], [78.75, 229.9]]
