total_time = 0.89
NDP = 21
Y_N = Any[[235.32999999999998, 27.6], [222.94, 63.77], [203.44, 111.36], [201.43, 122.59], [173.39, 125.62], [170.25, 171.42], [150.03, 186.13], [134.60000000000002, 192.65], [127.73, 195.88], [120.00999999999999, 206.65], [102.38, 209.31], [101.32, 250.21], [85.76, 260.53], [68.65, 262.02], [57.03, 279.55], [49.35, 281.03000000000003], [47.39, 284.12], [46.99, 299.13], [34.98, 299.85], [9.9, 300.31], [0.0, 301.44]]
