total_time = 5.45
NDP = 36
Y_N = Any[[742.3700000000001, 722.6700000000001], [678.07, 758.1800000000001], [672.1199999999999, 796.65], [653.1999999999999, 808.0799999999999], [652.8100000000001, 872.13], [635.3900000000001, 881.8999999999999], [630.65, 894.4899999999999], [626.3300000000002, 899.1499999999999], [606.87, 931.61], [591.12, 949.7], [586.5600000000001, 956.68], [582.21, 957.0799999999999], [578.63, 974.5199999999998], [569.72, 980.37], [540.18, 980.7099999999999], [539.4000000000001, 1012.38], [538.1500000000001, 1067.59], [519.1500000000001, 1078.57], [490.48, 1109.03], [465.36, 1129.61], [454.77, 1137.04], [430.84, 1141.26], [424.75, 1168.85], [421.72, 1169.8600000000001], [418.63, 1174.63], [393.40000000000003, 1185.0200000000002], [392.1, 1199.26], [379.3, 1225.8000000000002], [364.39, 1242.5500000000002], [339.46000000000004, 1261.1299999999997], [313.13, 1278.0899999999997], [287.38, 1310.1100000000001], [232.5, 1345.3999999999999], [217.26, 1353.3099999999995], [183.26999999999998, 1356.7600000000002], [179.99, 1368.98]]
