total_time = 19.51
NDP = 70
Y_N = Any[[701.26, 195.29000000000002], [685.6300000000001, 234.21999999999997], [640.77, 264.32], [633.34, 335.12000000000006], [603.3000000000002, 371.68000000000006], [601.5400000000001, 385.55000000000007], [583.3199999999999, 400.30000000000007], [583.1500000000001, 440.59], [575.59, 442.19000000000005], [569.7, 442.38], [568.92, 459.85999999999996], [561.76, 465.03], [545.27, 482.58000000000004], [541.71, 507.14], [531.1899999999999, 513.4000000000001], [511.04, 514.0799999999999], [510.71000000000004, 529.79], [506.46000000000004, 534.6600000000001], [502.71000000000004, 538.55], [497.44, 542.5], [492.95, 566.0899999999999], [490.4, 570.6200000000001], [483.99, 596.71], [455.81, 600.1600000000001], [455.40000000000003, 615.4699999999999], [452.55, 626.4599999999999], [448.0899999999999, 627.93], [442.55, 631.4499999999999], [440.09, 648.3199999999999], [424.21999999999997, 648.72], [418.64000000000004, 661.1500000000001], [412.37, 667.2], [410.59000000000003, 683.1200000000001], [399.52, 684.4499999999999], [396.2399999999999, 685.28], [395.58000000000004, 692.5899999999999], [384.19000000000005, 695.6600000000001], [380.35, 699.01], [379.15000000000003, 704.8199999999999], [370.65000000000003, 722.79], [367.43, 733.53], [364.36, 752.3600000000001], [339.35999999999996, 764.1299999999999], [330.23, 770.11], [324.27000000000004, 773.79], [323.26, 789.75], [317.68, 795.05], [302.73, 795.6799999999998], [299.31000000000006, 797.5], [296.49, 805.84], [293.2, 815.6899999999999], [285.17, 829.05], [275.6, 834.3500000000001], [270.5, 839.26], [265.67, 842.0800000000002], [265.25, 868.27], [261.03000000000003, 879.8499999999999], [250.75000000000003, 890.55], [216.63, 893.76], [209.28000000000003, 930.79], [157.63, 937.0], [145.59, 940.4000000000001], [143.51, 946.3499999999999], [138.85999999999999, 946.78], [134.89, 951.02], [130.54999999999998, 961.06], [74.27, 966.32], [70.35999999999999, 966.9200000000001], [68.86, 974.1399999999999], [25.08, 979.78]]
