total_time = 260.78
NDP = 67
Y_N = Any[[698.6817, 200.3612], [682.3421, 235.9229], [638.7175, 265.8302], [632.2729, 336.38519999999994], [601.2777000000001, 341.85009999999994], [599.0452, 389.01449999999994], [582.7161000000001, 441.63630000000006], [573.9031, 442.8308], [570.1759000000001, 461.1524], [563.2324000000001, 467.1628999999999], [545.2788, 484.2949], [544.8791, 512.3294], [530.1267, 512.6124], [520.3475000000001, 513.0245], [512.5622999999999, 517.3009999999999], [509.2486, 530.3203], [501.0059, 532.0957000000001], [499.3156, 540.829], [497.4043, 541.3777], [491.6591, 546.76], [490.8108, 568.1635], [490.6714, 568.7693], [483.7091000000001, 599.5689], [453.8375000000001, 615.8419000000001], [450.1655, 626.9424], [443.96170000000006, 630.5008], [443.4723, 631.5435], [440.702, 646.5997999999998], [420.82200000000006, 662.5237999999998], [412.0897, 670.6647], [409.7796, 687.071], [398.0412, 694.8171], [383.4971, 705.9550999999999], [370.125, 725.3081999999999], [367.39529999999996, 731.5636], [366.25810000000007, 755.6195], [341.2904, 763.1048], [336.894, 764.2149999999999], [331.95360000000005, 770.0719], [323.41110000000003, 774.2629999999999], [323.35780000000005, 789.9368999999999], [319.16150000000005, 797.7182999999999], [297.516, 806.2936000000001], [293.6675, 816.1002000000001], [290.6628, 817.6809], [287.8551, 829.0284999999999], [276.4575, 832.3885], [272.8933, 842.0612999999998], [263.87239999999997, 863.6133], [258.6198, 879.0360000000001], [251.18439999999998, 890.8148], [219.36380000000003, 891.1234000000001], [217.8491, 898.0516], [207.52910000000003, 927.1648000000001], [164.0085, 927.7781], [163.07000000000002, 928.5816], [158.79850000000002, 932.2321999999999], [156.09529999999998, 934.0282], [145.8318, 936.4157], [145.53509999999997, 947.4291], [131.8253, 957.7583], [92.41619999999999, 960.7201], [84.2453, 961.2134], [74.27569999999999, 964.1641], [71.48300000000002, 969.9123], [68.9712, 975.5645000000001], [24.8316, 985.9487999999999]]
