total_time = 2.45
NDP = 21
Y_N = Any[[215.92000000000002, 80.19], [207.14, 113.22], [180.13, 115.38], [166.37, 121.17], [156.75, 183.84], [129.39000000000001, 192.01000000000002], [124.8, 196.5], [107.41, 205.26], [91.42, 209.35], [89.61, 211.1], [89.02000000000001, 212.21], [84.48, 223.7], [73.0, 270.29999999999995], [57.02, 275.45], [56.39, 276.53999999999996], [55.900000000000006, 279.22], [53.69, 288.78999999999996], [47.15, 290.89], [31.17, 298.78], [12.9, 300.35], [0.0, 302.2]]
