total_time = 0.13
NDP = 10
Y_N = Any[[236.70479999999998, 21.1421], [214.67989999999998, 38.6674], [199.57479999999998, 90.697], [181.8217, 93.8701], [180.2732, 111.07929999999999], [175.2803, 116.35640000000001], [170.4843, 127.58330000000001], [134.7801, 212.9832], [106.7338, 247.4878], [100.0512, 278.84450000000004]]
