total_time = 1.16
NDP = 21
Y_N = Any[[235.1756, 27.6455], [220.3084, 63.8262], [202.45850000000002, 74.634], [202.43189999999998, 110.5431], [199.78719999999998, 121.0877], [171.959, 126.4156], [169.7996, 172.249], [148.1224, 184.47879999999998], [135.152, 192.79600000000002], [128.8121, 193.5297], [127.2718, 195.7181], [120.1609, 207.73960000000002], [101.1515, 209.6238], [101.0954, 250.76639999999998], [84.866, 260.121], [70.6178, 261.8609], [57.3408, 280.8328], [46.7233, 285.342], [46.38, 301.59090000000003], [5.1363, 302.374], [0.0, 302.6767]]
