total_time = 1.58
NDP = 24
Y_N = Any[[274.46000000000004, 14.19], [242.91000000000003, 44.53], [220.32, 96.68], [201.8, 102.56], [199.2, 115.74000000000001], [188.89999999999998, 135.21], [176.93, 184.62999999999997], [149.68, 187.04000000000002], [141.82999999999998, 188.34], [138.79, 191.45], [138.43, 211.53], [99.5, 221.63], [97.42, 238.32], [97.21000000000001, 250.97], [93.56, 269.86], [89.62, 277.0], [86.13, 281.02000000000004], [76.65, 281.86], [61.13, 294.59000000000003], [43.98, 297.3], [19.34, 298.5], [18.380000000000003, 298.7], [12.95, 300.73], [0.0, 301.76]]
