total_time = 0.12
NDP = 9
Y_N = Any[[228.02999999999997, 19.53], [183.94, 112.28], [139.95999999999998, 162.52], [127.38999999999999, 195.36], [86.66999999999999, 242.3], [55.529999999999994, 253.75], [40.09, 287.87], [37.28, 295.07], [0.0, 301.48]]
