total_time = 5.87
NDP = 39
Y_N = Any[[790.5200000000001, 178.01000000000002], [767.4899999999999, 206.73000000000002], [720.23, 244.06000000000003], [716.7900000000001, 266.4], [705.48, 270.23], [699.47, 270.36], [689.32, 277.72], [688.27, 316.22], [648.06, 325.18], [645.3799999999999, 345.78], [631.5000000000001, 359.17], [622.0899999999999, 373.41999999999996], [620.8700000000001, 377.25], [609.5799999999999, 380.55999999999995], [604.5799999999999, 393.24], [597.85, 402.9400000000001], [595.6100000000001, 403.6], [595.3199999999999, 435.03999999999996], [567.6600000000001, 450.18000000000006], [556.26, 453.15], [554.54, 480.58], [540.65, 483.54], [528.3899999999999, 488.89], [523.51, 499.55], [523.0, 511.59], [501.24, 529.5], [497.7, 533.04], [487.11, 539.9699999999999], [483.33, 543.26], [479.62999999999994, 566.4799999999999], [448.89000000000004, 584.6700000000001], [447.55, 592.24], [416.49, 609.9499999999999], [407.4, 613.26], [399.5199999999999, 641.09], [367.47999999999996, 665.29], [362.47999999999996, 669.43], [358.50999999999993, 679.1099999999999], [331.41999999999996, 688.38]]
