total_time = 313.45
NDP = 38
Y_N = Any[[738.3282, 724.6906], [679.4425, 760.5315], [668.9950999999999, 796.6361], [653.0405999999999, 808.9786999999999], [652.0980000000001, 835.3516], [650.3908, 873.2462999999998], [635.3572, 886.4015999999999], [632.4929000000001, 899.0550999999999], [627.4751, 901.5069999999998], [606.7691000000001, 930.8872999999998], [590.9914, 937.6890000000001], [590.4672, 949.2280999999999], [585.4823, 959.3153999999998], [579.2177, 975.6374], [571.5798, 984.9051999999999], [540.9345, 1013.7341999999998], [538.1455, 1069.7655], [521.1182, 1071.9235], [517.0485, 1078.0664], [510.6348, 1079.9486000000002], [492.8656, 1110.401], [463.7012, 1128.0915], [457.5727999999999, 1137.051], [431.1556, 1142.8595], [426.6248999999999, 1167.5457], [421.3725999999999, 1172.9772], [393.1214, 1197.4715], [379.62420000000003, 1225.6556], [367.18240000000003, 1234.04], [366.00289999999995, 1240.4604999999997], [341.543, 1262.2657000000004], [313.22760000000005, 1276.3069], [288.8705, 1311.6563], [230.7048, 1314.5384000000004], [230.2961, 1340.8992000000003], [219.1427, 1352.7144000000003], [184.04919999999998, 1354.6936000000003], [181.3037, 1366.8166]]
