total_time = 11.34
NDP = 78
Y_N = Any[[624.62, 847.0999999999999], [592.3500000000001, 856.0], [587.0, 861.7499999999999], [573.76, 887.56], [567.45, 957.6600000000001], [539.36, 968.1100000000001], [517.2400000000001, 1000.67], [506.11, 1007.7], [504.59, 1024.17], [503.27, 1026.9099999999999], [483.99, 1039.3899999999999], [481.14000000000004, 1043.1000000000001], [472.53, 1044.6699999999998], [462.96999999999997, 1059.3300000000002], [446.58000000000004, 1059.42], [444.03, 1093.73], [442.63, 1097.65], [435.94, 1103.1699999999998], [424.21, 1106.57], [422.5, 1109.4700000000003], [421.90000000000003, 1110.91], [417.49999999999994, 1125.63], [411.57, 1128.3500000000001], [403.14, 1133.32], [389.41, 1138.16], [388.92999999999995, 1156.72], [380.46999999999997, 1179.8999999999999], [368.44000000000005, 1186.05], [358.78, 1188.96], [355.67999999999995, 1205.92], [339.46, 1208.76], [337.22999999999996, 1210.0800000000002], [329.89, 1216.24], [323.23999999999995, 1216.7200000000005], [321.59, 1218.2700000000002], [321.49, 1218.96], [320.44, 1220.61], [319.84, 1223.2900000000002], [318.52, 1225.9900000000002], [308.57, 1226.1099999999997], [307.03, 1256.44], [303.13, 1265.09], [296.41999999999996, 1281.64], [279.26, 1299.38], [242.42999999999998, 1309.3300000000002], [240.51, 1329.0], [237.20999999999998, 1335.38], [223.0, 1342.8100000000002], [221.68, 1350.99], [219.45, 1354.0199999999998], [211.68, 1355.9399999999998], [204.12, 1365.4999999999998], [200.62, 1375.18], [189.15999999999997, 1380.0100000000002], [186.95999999999998, 1381.43], [175.5, 1385.6500000000003], [160.17, 1392.09], [150.85999999999999, 1424.3600000000001], [132.78, 1434.7499999999998], [124.02, 1444.42], [97.07000000000001, 1447.8], [94.75999999999999, 1451.3899999999999], [90.16, 1454.03], [87.19, 1457.79], [82.97999999999999, 1461.5], [73.13, 1463.1000000000001], [70.23, 1469.1999999999998], [69.63, 1469.97], [64.86, 1482.7199999999998], [58.059999999999995, 1483.6600000000003], [57.75999999999999, 1489.23], [50.489999999999995, 1491.5500000000002], [44.41, 1495.2499999999998], [37.14, 1497.05], [20.93, 1500.0699999999997], [13.66, 1501.4499999999998], [7.27, 1504.9300000000003], [0.0, 1507.19]]
