total_time = 0.08
NDP = 6
Y_N = Any[[126.9409, 116.8363], [94.6848, 189.7642], [92.6555, 190.2849], [71.1614, 209.16899999999998], [7.4454, 282.3062], [0.0, 286.60670000000005]]
