total_time = 0.14
NDP = 9
Y_N = Any[[235.51, 22.840000000000003], [214.63, 40.56], [200.74, 92.91], [182.20000000000002, 111.09], [175.14, 118.7], [170.22, 128.3], [132.95, 211.61], [105.4, 246.62], [99.31, 277.78999999999996]]
