total_time = 112.88
NDP = 30
Y_N = Any[[787.4717, 177.25089999999997], [765.7892, 205.3045], [717.3772, 244.79539999999997], [716.6644, 268.7555], [690.8091999999999, 278.6647], [685.9137000000001, 316.4636], [647.7929, 346.0667], [634.1911000000001, 362.2421], [619.6975, 379.082], [610.0104, 379.33180000000004], [604.2994000000001, 389.41249999999997], [600.5907, 405.95709999999997], [593.6626, 433.6085], [568.244, 449.3306], [555.629, 450.54060000000004], [552.0628, 484.6336], [526.2564, 492.70540000000005], [523.0394000000001, 512.2552000000001], [500.93390000000005, 535.6306], [486.5305, 540.033], [482.2265, 567.2079], [449.18269999999995, 589.7081999999999], [448.7272, 594.326], [417.29310000000004, 605.7187], [406.7622, 613.2331999999999], [396.71770000000004, 642.6365], [368.1799, 671.2271999999999], [359.8472, 675.4621999999998], [354.4323, 684.8755999999998], [327.8173, 694.2043]]
