total_time = 309.44
NDP = 54
Y_N = Any[[512.5322, 9.6959], [497.4218, 33.048500000000004], [493.0137, 73.944], [478.26699999999994, 84.8928], [471.2238, 100.45089999999999], [469.1863, 100.64869999999999], [468.6674, 115.8109], [459.5499, 133.28040000000001], [459.3081, 139.78879999999998], [459.08439999999996, 142.0034], [447.83, 147.6952], [437.71090000000004, 156.91910000000001], [432.1223, 177.95229999999998], [418.3681, 193.51960000000003], [410.7886, 194.0117], [410.7859, 208.2536], [397.6358, 213.45720000000003], [396.4044, 216.2636], [394.2614, 227.0822], [380.9463, 239.01729999999998], [380.0138, 240.08990000000003], [371.8073, 264.6381], [368.978, 272.4601], [366.23849999999993, 278.8215], [356.2172, 281.66209999999995], [349.63239999999996, 282.5112], [347.3419, 286.16380000000004], [344.5774, 302.00950000000006], [339.4597, 303.8529], [336.55729999999994, 310.6238], [325.39739999999995, 351.3556], [311.5316, 362.3355], [299.17230000000006, 363.4418], [296.9049, 365.1816], [289.20140000000004, 374.9285], [285.09459999999996, 379.0997], [279.9789, 386.0077], [270.9978, 387.7244], [269.2441, 390.8528999999999], [264.9771, 417.8018], [263.35769999999997, 425.9007], [252.22590000000002, 426.1454], [250.53289999999998, 433.5694], [240.8989, 433.6902], [236.93599999999998, 437.9267], [233.0358, 438.5815], [230.964, 439.92459999999994], [226.415, 445.6372], [215.8461, 457.9954], [212.16649999999996, 460.695], [203.89260000000002, 503.0855], [195.17430000000002, 520.3162], [152.6449, 525.5724], [152.1557, 537.954]]
