total_time = 365.03
NDP = 70
Y_N = Any[[662.0386000000001, 1305.1986000000002], [651.3376999999999, 1352.5021], [636.7408999999999, 1369.4612000000002], [635.7860999999999, 1393.2081999999998], [628.7429000000001, 1399.3111999999999], [619.0464, 1399.5948999999998], [614.7546, 1408.6307000000002], [610.7388000000001, 1433.83], [610.1865999999999, 1499.7730000000001], [579.9609, 1560.0309], [538.3774999999999, 1563.2972], [537.2728, 1593.5285000000001], [525.081, 1596.0703999999998], [525.0347, 1601.9081], [517.5937, 1637.8503], [494.1099, 1647.3340999999998], [493.3451, 1647.4352000000003], [488.3224, 1659.1238], [483.0109, 1679.4026], [480.44739999999996, 1725.1526999999999], [457.68489999999997, 1725.5249000000001], [448.045, 1727.022], [443.26279999999997, 1727.3337000000004], [440.58119999999997, 1732.887], [439.5994, 1739.0302000000001], [428.567, 1751.8028000000002], [422.2127, 1773.2325000000003], [420.5961, 1780.8466999999998], [402.1035, 1780.8486], [401.5403, 1781.7442999999998], [398.7903, 1784.2194000000002], [398.6204, 1794.7785000000001], [397.47839999999997, 1797.6522], [386.77369999999996, 1799.903], [385.8449, 1801.7726000000002], [383.9822, 1810.7830000000001], [374.73220000000003, 1825.0652000000002], [369.33059999999995, 1827.5129000000002], [366.1169, 1829.8821], [365.7514, 1845.6267], [350.57820000000004, 1872.1378999999997], [342.26910000000004, 1881.2896999999998], [338.82419999999996, 1904.5928000000001], [316.65149999999994, 1913.0319], [296.68649999999997, 1917.9091], [294.2394, 1964.2092999999998], [256.0353, 1970.0323000000003], [249.1154, 1990.9328], [238.78419999999997, 1995.6627000000003], [235.12949999999998, 1996.7185000000002], [222.42219999999998, 2008.7605], [216.47809999999996, 2008.9506000000001], [196.58979999999997, 2023.4735000000003], [191.4318, 2032.3825000000002], [164.1731, 2041.9936000000002], [147.2243, 2043.0819], [145.7165, 2044.9134000000001], [143.47379999999998, 2045.2959000000003], [139.77239999999998, 2046.1455999999998], [134.546, 2054.3139], [123.5855, 2058.1084], [119.88409999999999, 2060.1366], [116.3338, 2063.0028], [112.3768, 2065.7026], [98.4085, 2071.4127000000003], [85.1181, 2072.5729], [75.2212, 2073.3441], [71.1498, 2079.7011], [47.9625, 2082.3699], [0.0, 2082.5162]]
