total_time = 87.03
NDP = 73
Y_N = Any[[824.26, 109.41], [750.0700000000002, 220.62999999999997], [734.3100000000001, 296.15999999999997], [680.6900000000002, 308.85], [674.68, 330.55], [669.35, 341.16], [664.3900000000001, 377.86], [622.83, 399.16999999999996], [619.6200000000001, 415.91999999999996], [601.8000000000001, 432.53], [585.27, 435.39000000000004], [584.51, 439.77], [583.6, 440.13], [582.5899999999999, 468.48], [574.57, 468.58000000000004], [566.09, 484.97], [559.72, 486.57000000000005], [544.12, 489.26], [539.07, 530.3000000000001], [524.5500000000001, 537.63], [523.23, 574.02], [491.46, 581.45], [489.63, 585.24], [488.70000000000005, 596.67], [481.51, 611.4599999999999], [454.9, 619.29], [448.58000000000004, 628.12], [444.9200000000001, 652.8199999999999], [424.82, 661.46], [423.01, 673.9], [405.49, 680.5400000000001], [395.23, 706.57], [380.46, 707.55], [368.35, 710.87], [367.28999999999996, 717.2099999999999], [365.95000000000005, 722.13], [364.38, 751.1800000000001], [342.07, 754.75], [340.15999999999997, 756.4399999999999], [330.59999999999997, 756.5500000000001], [328.56, 759.0100000000001], [327.99, 773.29], [318.73, 780.0800000000002], [315.51, 783.91], [312.48, 789.86], [311.53000000000003, 814.5], [291.82, 826.1899999999999], [285.71999999999997, 829.72], [280.75, 844.9499999999999], [265.86, 847.42], [259.34000000000003, 864.4999999999999], [257.74, 868.2499999999999], [248.36, 875.44], [242.89000000000001, 875.82], [230.54, 894.0799999999999], [227.60999999999999, 906.8599999999999], [214.35, 926.6899999999999], [190.82999999999998, 942.2099999999999], [165.70999999999998, 959.04], [153.07999999999998, 965.86], [139.95, 970.1800000000001], [115.71000000000001, 972.29], [115.09, 976.4100000000001], [113.60000000000001, 991.7599999999999], [91.16, 992.91], [85.06, 995.9300000000001], [66.77, 996.8199999999999], [64.18, 997.0999999999998], [59.26, 999.44], [51.59, 999.6000000000001], [50.2, 1000.3299999999999], [18.86, 1002.37], [0.0, 1003.05]]
