total_time = 0.26
NDP = 14
Y_N = Any[[142.43, 123.89999999999999], [140.22, 126.5], [121.80000000000001, 186.36], [113.77000000000001, 191.21999999999997], [106.65, 206.54], [96.46000000000001, 263.58], [68.02000000000001, 276.83], [55.36, 281.24], [49.6, 284.49], [27.89, 288.27], [6.39, 294.09], [3.17, 296.96], [2.19, 298.59000000000003], [0.0, 299.5]]
