total_time = 226.84
NDP = 73
Y_N = Any[[623.7276, 847.3213999999999], [589.0036, 858.5549], [571.5521, 887.891], [568.8675, 958.7384000000001], [541.303, 964.2459999999999], [517.9273000000001, 1001.3357], [506.5855999999999, 1025.1270000000002], [505.039, 1029.5238000000002], [483.09360000000004, 1044.1870999999999], [482.662, 1044.9601], [471.43489999999997, 1045.9924], [466.31219999999996, 1060.9616], [446.0071, 1099.0207], [435.1477, 1108.0383000000002], [425.0279, 1109.8088], [424.0617, 1114.2835], [416.8665, 1128.1366], [412.48999999999995, 1128.9537000000003], [403.2772, 1138.9457], [392.15250000000003, 1156.3645999999999], [381.8009, 1188.4201999999998], [369.1023, 1188.7752], [360.6533, 1192.7186], [358.3853, 1209.6161], [339.8867, 1211.1279], [338.4115, 1211.4307999999999], [337.86299999999994, 1215.73], [331.1133, 1216.5066000000002], [324.03069999999997, 1218.8002], [323.24219999999997, 1222.0074000000002], [322.2095, 1222.6237], [320.7473, 1224.3413000000003], [319.2007, 1229.7817000000002], [311.303, 1257.5757999999998], [306.4558, 1273.0848], [298.1341, 1290.2312], [279.8531, 1296.2547], [277.5105, 1303.2230000000002], [243.53969999999998, 1330.7531], [239.6587, 1339.3664999999999], [224.77609999999999, 1352.5358], [219.0351, 1353.9045999999998], [218.0689, 1356.4325], [212.5016, 1357.3337], [210.82889999999998, 1357.8391999999997], [205.9817, 1372.0031], [201.30719999999997, 1375.1761999999999], [199.3053, 1379.0186], [188.0782, 1380.5759000000003], [185.3581, 1385.3740999999998], [174.131, 1386.2922], [162.0438, 1398.3305], [150.5196, 1425.0416], [133.0844, 1436.7752999999998], [125.37799999999999, 1448.3132999999998], [97.3757, 1451.9678], [90.9209, 1452.2213], [89.4705, 1457.4945], [82.5655, 1463.8602999999998], [73.8545, 1464.2619], [71.6423, 1469.1720999999998], [70.67609999999999, 1473.6230999999998], [63.194199999999995, 1483.4664], [62.9205, 1485.6191], [57.7599, 1487.3142999999998], [57.2487, 1489.8594999999998], [49.8547, 1492.2689999999998], [45.3593, 1498.8485], [37.9653, 1499.26], [21.3412, 1500.0942999999997], [13.9472, 1502.6208000000001], [7.394, 1506.0286999999998], [0.0, 1506.7536999999998]]
