total_time = 1.12
NDP = 19
Y_N = Any[[665.3700000000001, 292.52], [637.0799999999999, 310.31], [623.59, 328.95000000000005], [603.0199999999999, 353.87000000000006], [602.6600000000001, 432.76], [581.53, 452.11], [569.3, 454.91999999999996], [567.1700000000001, 462.68000000000006], [557.44, 476.16], [551.8199999999999, 502.69000000000005], [523.3000000000001, 519.5], [516.67, 551.68], [501.01, 571.83], [480.8, 635.7], [445.4, 654.47], [430.27, 720.8499999999999], [339.15999999999997, 748.94], [336.76, 791.7300000000001], [299.71999999999997, 839.1800000000001]]
