total_time = 239.13
NDP = 99
Y_N = Any[[1515.4600000000005, 453.83], [1511.8600000000001, 486.60999999999996], [1508.7600000000002, 496.17999999999984], [1499.96, 522.4399999999999], [1473.75, 613.48], [1427.23, 680.2299999999999], [1408.62, 685.6100000000001], [1389.3400000000001, 688.8899999999999], [1385.0, 691.02], [1381.1599999999999, 726.6700000000002], [1378.45, 739.45], [1370.9, 789.55], [1362.8700000000003, 805.8], [1333.8099999999997, 851.6300000000001], [1316.8, 888.6800000000001], [1287.2400000000002, 923.74], [1283.8000000000002, 932.5799999999999], [1278.49, 942.26], [1264.1499999999999, 962.7800000000002], [1249.16, 985.05], [1242.7399999999998, 1000.7000000000002], [1240.49, 1016.8400000000001], [1235.37, 1050.1799999999998], [1215.1800000000003, 1050.4], [1197.4099999999999, 1070.35], [1193.1900000000003, 1083.2900000000002], [1177.0200000000002, 1093.3400000000001], [1167.0600000000002, 1108.42], [1160.6100000000001, 1116.4000000000003], [1156.36, 1134.68], [1153.5300000000002, 1143.7100000000003], [1144.3799999999999, 1149.3899999999999], [1142.24, 1176.6299999999999], [1117.97, 1176.7], [1107.6599999999999, 1183.9999999999998], [1105.0, 1193.25], [1101.7199999999998, 1204.91], [1093.9900000000002, 1217.9700000000003], [1075.77, 1223.52], [1073.1799999999998, 1249.63], [1061.7900000000002, 1254.2900000000002], [1059.73, 1310.0899999999997], [1019.0699999999998, 1322.1500000000003], [1006.5799999999999, 1331.57], [1005.81, 1332.88], [1004.4999999999999, 1345.4800000000002], [999.5099999999999, 1370.8600000000001], [956.28, 1378.41], [955.0699999999997, 1408.96], [947.87, 1431.2], [919.95, 1442.0600000000002], [906.29, 1446.89], [903.77, 1454.0500000000004], [878.7699999999999, 1457.98], [871.6400000000001, 1466.1200000000001], [869.43, 1473.1399999999999], [866.65, 1475.9900000000002], [860.4199999999998, 1489.7699999999998], [855.0899999999999, 1504.2600000000004], [850.9, 1527.1399999999999], [827.1899999999999, 1541.8700000000001], [807.7899999999998, 1544.1400000000003], [803.7099999999999, 1550.8000000000002], [792.4599999999999, 1560.3500000000001], [777.8399999999999, 1590.5499999999997], [769.16, 1606.13], [737.4, 1611.22], [723.61, 1620.76], [722.9699999999999, 1649.0600000000004], [716.5199999999999, 1653.0900000000001], [700.07, 1665.3600000000001], [689.05, 1666.9800000000002], [678.58, 1678.5900000000001], [675.8399999999999, 1687.9], [664.38, 1701.67], [642.18, 1702.5200000000002], [637.8599999999999, 1717.5600000000002], [612.41, 1728.02], [591.39, 1742.2600000000002], [575.47, 1759.23], [569.6999999999999, 1761.8200000000002], [564.1199999999999, 1767.73], [563.0699999999999, 1771.3700000000001], [557.89, 1774.8799999999999], [555.01, 1787.4399999999998], [546.4, 1803.9000000000003], [542.93, 1804.0700000000002], [504.36, 1804.3200000000002], [503.29999999999995, 1816.1899999999998], [498.38, 1816.9199999999998], [476.42999999999995, 1843.1], [432.54999999999995, 1860.4300000000003], [414.45, 1860.6100000000001], [413.48, 1886.3999999999999], [389.58, 1893.14], [378.05, 1895.1200000000001], [369.82000000000005, 1915.8000000000004], [353.91999999999996, 1920.89], [339.53999999999996, 1933.68]]
