total_time = 77.9
NDP = 25
Y_N = Any[[297.0391, 269.2606], [264.9963, 303.70759999999996], [254.92899999999997, 305.2948], [254.74849999999998, 311.3095], [246.99310000000003, 330.1835], [229.2883, 340.0626], [215.6707, 390.3984], [202.39659999999998, 396.5493], [190.09629999999999, 401.05319999999995], [184.7935, 408.544], [173.0072, 443.6412], [172.5221, 475.73069999999996], [153.7149, 489.00749999999994], [117.6913, 489.34009999999995], [117.19059999999999, 493.1585], [107.45179999999999, 498.4519], [95.262, 509.30269999999996], [89.0745, 537.3354999999999], [78.90639999999999, 541.2905999999999], [77.3562, 573.9132999999999], [56.3691, 574.6696], [55.0999, 581.0504], [31.0931, 582.6931], [24.0068, 583.1043], [0.0, 584.6416]]
