total_time = 61.52
NDP = 46
Y_N = Any[[466.43000000000006, 130.1], [456.90000000000003, 131.58], [448.95, 136.98], [437.4200000000001, 173.57], [418.55, 194.03], [418.44000000000005, 199.23], [409.6, 202.95999999999998], [400.3500000000001, 214.87], [392.01000000000005, 250.88], [380.6600000000001, 276.44], [378.53999999999996, 281.44], [363.04999999999995, 298.12], [352.93000000000006, 320.40999999999997], [349.94, 329.9], [339.47, 335.65], [323.35, 384.99], [306.26, 386.35], [290.30999999999995, 393.27], [275.58000000000004, 405.93], [265.47, 409.35], [250.09000000000003, 458.15999999999997], [231.78, 472.11], [226.89000000000001, 483.35999999999996], [202.96, 483.75], [197.49, 490.98], [185.18, 492.71999999999997], [179.08, 497.23], [169.99, 499.07], [167.45, 529.12], [166.08, 539.55], [132.93, 552.0], [125.46, 553.28], [124.91, 572.1899999999999], [121.78, 576.3699999999999], [119.76, 577.9300000000001], [105.31, 586.05], [76.68, 587.86], [69.15, 590.47], [64.79, 591.95], [60.95, 592.01], [58.47, 593.72], [49.34, 595.84], [46.84, 597.51], [41.8, 600.97], [1.01, 601.66], [0.0, 602.76]]
