total_time = 18.47
NDP = 54
Y_N = Any[[513.2099999999999, 9.229999999999999], [498.2600000000001, 31.85], [494.92, 74.51], [477.88, 85.28], [471.97999999999996, 99.86000000000001], [470.6, 116.81], [460.95, 141.31], [460.01, 143.32], [448.5, 147.16], [437.68, 159.96], [433.0, 179.07999999999998], [420.17, 193.39], [411.00999999999993, 194.83], [409.45000000000005, 206.23], [400.42, 207.78], [399.85, 213.45000000000002], [396.41, 218.85], [395.14, 227.41000000000003], [381.55999999999995, 240.33999999999997], [374.86, 267.34], [368.75, 275.14], [364.50000000000006, 278.03000000000003], [356.19, 282.17], [348.9, 282.28], [347.04999999999995, 285.34000000000003], [346.1, 304.65999999999997], [338.74, 307.85], [336.34, 311.74000000000007], [328.04, 313.54999999999995], [322.77000000000004, 326.8], [321.2, 332.09000000000003], [320.93, 348.82], [309.46000000000004, 362.86], [294.5, 367.2200000000001], [289.12000000000006, 370.48], [289.08, 373.91], [285.63, 380.40999999999997], [281.44000000000005, 385.47], [269.78, 388.38], [266.73, 389.9800000000001], [265.47, 420.78999999999996], [263.87, 426.81], [252.20000000000002, 429.01], [246.09, 432.86], [241.31, 433.14], [236.37, 439.81], [228.69, 446.44], [215.95, 450.77], [214.77000000000004, 455.34000000000003], [214.11, 458.29], [202.83, 505.16], [191.69, 518.53], [155.48000000000002, 524.75], [154.01999999999998, 536.41]]
