total_time = 65.7
NDP = 21
Y_N = Any[[661.4997, 293.42949999999996], [635.2781, 306.3444], [621.0803999999999, 330.8603], [603.5395, 334.43589999999995], [603.5205, 351.74339999999995], [599.6179, 433.8826], [582.2105999999999, 449.85220000000004], [568.7556, 457.68039999999996], [553.3285999999999, 467.03330000000005], [552.111, 477.83630000000005], [550.936, 497.51680000000005], [525.4514, 522.2677], [516.5488, 549.5361], [501.15330000000006, 561.8215], [500.25280000000004, 571.7586999999999], [478.7242, 628.3662], [448.7162000000001, 652.5713000000001], [431.2476, 714.5880000000001], [342.70210000000003, 744.8745], [341.9873, 793.5113], [303.5639, 836.6959]]
