total_time = 0.21
NDP = 10
Y_N = Any[[226.91830000000002, 18.9537], [183.1456, 111.19510000000001], [139.79309999999998, 163.3985], [125.6856, 171.2222], [124.967, 195.5053], [86.0598, 242.6565], [55.6793, 254.38729999999998], [39.5496, 286.5362], [37.1091, 295.4166], [0.0, 299.1624]]
