total_time = 50.33
NDP = 65
Y_N = Any[[673.78, 304.4200000000001], [671.01, 323.14000000000004], [666.78, 332.71], [655.46, 361.63], [652.94, 369.13], [642.9000000000001, 376.06], [637.91, 377.64], [635.1, 382.46], [633.41, 396.17], [632.57, 402.76], [630.55, 413.0999999999999], [614.03, 445.44999999999993], [604.78, 449.5], [597.1700000000001, 451.06], [590.6499999999999, 481.78999999999996], [587.24, 493.34999999999997], [569.45, 503.86], [564.84, 508.08000000000004], [562.6099999999999, 508.15000000000003], [552.6500000000001, 523.02], [543.4000000000001, 524.91], [541.01, 539.24], [539.13, 588.61], [522.78, 622.16], [487.88, 633.43], [480.69, 634.9000000000001], [467.83000000000004, 635.67], [465.81, 639.7700000000001], [464.10999999999996, 647.99], [461.23, 648.1], [459.61, 671.45], [452.28000000000003, 714.3299999999999], [424.22, 722.0699999999999], [416.59, 734.15], [413.25, 753.48], [397.08, 785.99], [391.04, 808.27], [370.01000000000005, 824.9399999999999], [333.64, 835.6700000000001], [329.83000000000004, 836.1], [329.55, 875.6499999999999], [294.11, 879.3499999999999], [280.62, 896.4499999999999], [274.91999999999996, 912.22], [245.27, 919.29], [234.12, 919.8299999999999], [223.32000000000002, 924.26], [217.20000000000002, 934.66], [216.07999999999998, 936.7799999999997], [205.08, 943.1000000000001], [203.59, 958.6600000000001], [181.45000000000002, 958.93], [155.46, 960.5199999999999], [140.84, 961.92], [125.00999999999999, 969.3], [115.83000000000001, 972.79], [111.1, 975.05], [105.63, 975.7699999999998], [100.49000000000001, 977.36], [97.55000000000001, 980.8399999999999], [88.4, 988.6999999999999], [73.13, 989.3200000000002], [68.92, 990.8100000000001], [43.74, 996.32], [19.5, 998.5900000000001]]
