total_time = 3.35
NDP = 22
Y_N = Any[[288.1579, 2.8422], [284.93960000000004, 5.7032], [271.7415, 17.3252], [262.03020000000004, 33.223], [254.3391, 43.6506], [241.62109999999998, 49.3091], [235.5627, 104.84960000000001], [229.6481, 111.9265], [222.5331, 117.3762], [210.8048, 121.0587], [209.69459999999998, 134.15640000000002], [195.3142, 137.9939], [185.9625, 148.3911], [182.0344, 196.55700000000002], [173.5082, 214.74689999999998], [132.2608, 223.14710000000002], [120.22810000000001, 227.4414], [118.0916, 260.5478], [104.8432, 263.5754], [101.3318, 281.3617], [91.24199999999999, 281.4373], [84.63419999999999, 284.6735]]
