total_time = 381.59
NDP = 44
Y_N = Any[[489.7538, 105.4139], [472.43159999999995, 113.5238], [459.57, 128.41559999999998], [446.6314, 129.20420000000001], [439.1167, 138.6055], [433.83230000000003, 185.7553], [430.3815, 186.89729999999997], [424.69839999999994, 202.7261], [410.9196, 213.8062], [402.1560999999999, 259.86629999999997], [377.6795, 275.92429999999996], [361.62550000000005, 277.14320000000004], [360.15909999999997, 286.7151], [354.1981, 293.9877], [348.1577, 297.837], [340.0427, 312.1545], [339.8998, 315.13349999999997], [337.40560000000005, 355.5782], [321.6703, 357.53159999999997], [320.0307, 359.96639999999996], [311.2699, 393.807], [285.625, 394.1736], [281.12120000000004, 396.9937], [277.58189999999996, 411.80179999999996], [269.53290000000004, 446.80030000000005], [245.139, 452.10319999999996], [244.33379999999997, 452.3545], [237.7706, 453.47220000000004], [236.8688, 453.9609], [233.18740000000003, 455.14140000000003], [226.01110000000003, 457.5003], [222.7399, 467.2364], [210.35940000000002, 472.7769], [206.7333, 489.54249999999996], [205.2232, 497.6404], [197.4664, 515.507], [194.3359, 535.9878], [163.7948, 537.1819], [161.8255, 543.4289], [151.9417, 551.155], [140.321, 563.7777000000001], [137.6148, 572.2894], [118.12389999999999, 577.6977], [116.1977, 586.7789]]
