total_time = 23.87
NDP = 54
Y_N = Any[[689.53, 257.71999999999997], [646.4200000000001, 315.72], [645.41, 321.43], [638.0500000000001, 350.96000000000004], [621.09, 405.65999999999997], [591.65, 416.48], [590.39, 424.40000000000003], [587.4, 442.01], [582.46, 474.24], [573.32, 478.43], [567.9900000000001, 514.87], [557.6, 517.13], [551.63, 545.2500000000001], [540.8100000000001, 549.47], [519.1, 608.1600000000001], [471.53, 608.8900000000001], [470.78000000000003, 647.75], [449.21000000000004, 653.4000000000001], [447.85999999999996, 661.0], [434.54, 661.9500000000002], [430.84999999999997, 663.2800000000001], [420.77, 666.66], [414.47, 680.5800000000002], [398.9200000000001, 707.88], [387.0200000000001, 720.7800000000001], [370.88, 732.17], [356.50000000000006, 752.09], [351.5799999999999, 763.77], [323.91, 765.95], [310.59, 782.43], [298.03000000000003, 784.24], [292.23, 799.23], [288.0, 800.1399999999999], [284.71999999999997, 800.3000000000001], [282.38, 811.1100000000001], [277.71000000000004, 814.4900000000001], [277.69, 827.3000000000001], [263.97, 860.1500000000001], [251.59000000000003, 865.09], [239.5, 866.35], [232.54, 870.06], [223.07999999999998, 878.31], [208.62, 903.48], [171.01, 911.31], [168.77, 914.1600000000001], [165.28, 933.6199999999999], [153.45999999999998, 944.7999999999998], [133.64999999999998, 955.1599999999999], [122.24, 967.5299999999999], [82.56, 971.99], [75.89, 974.5499999999998], [74.07, 979.0], [67.86, 994.6], [21.33, 1002.03]]
