total_time = 0.27
NDP = 17
Y_N = Any[[258.32, 34.9], [224.38, 38.94], [203.71, 53.78], [199.91, 91.47999999999999], [192.60999999999999, 108.99000000000001], [189.3, 121.45], [180.95, 126.26], [175.96999999999997, 127.04], [171.07999999999998, 135.35999999999999], [168.43, 142.82], [163.38, 192.33999999999997], [162.41000000000003, 195.89999999999998], [133.7, 208.04], [128.45999999999998, 211.88], [111.25000000000001, 228.37], [96.30000000000001, 228.54], [91.23, 283.38]]
