total_time = 0.41
NDP = 15
Y_N = Any[[142.268, 123.3184], [140.60649999999998, 126.84549999999999], [121.327, 186.5497], [113.6654, 188.7125], [106.83439999999999, 206.7194], [97.29239999999999, 263.4651], [68.5267, 279.0867], [56.6357, 279.35490000000004], [51.1776, 283.5346], [48.2339, 283.8905], [26.8132, 287.1156], [5.4287, 293.4161], [3.0465, 295.2435], [2.4752, 296.1264], [0.0, 298.9262]]
