heur = true
LBS_limit = 3
preproc = 1
total_time = 0.87
NDP = 18
total_nodes = 185
pruned_nodes = 93
heur_time = 0.26
Y_N = Any[[263.05, 2.5999999999999996], [246.95999999999998, 5.2700000000000005], [244.25, 18.71], [234.24, 51.57], [196.81, 99.16999999999999], [189.7, 104.57], [188.11, 109.32000000000001], [177.54, 139.33999999999997], [150.7, 184.67000000000002], [117.41, 198.93], [115.31, 229.64], [74.72, 251.95], [56.32, 258.02], [52.08, 272.01], [22.63, 289.96], [22.62, 292.3], [18.76, 297.9], [-0.0, 299.87]]
