heur = true
LBS_limit = 3
preproc = 1
total_time = 1.83
NDP = 19
total_nodes = 801
pruned_nodes = 401
heur_time = 0.22
Y_N = Any[[665.37, 292.52], [637.0799999999999, 310.31], [623.5899999999999, 328.95000000000005], [603.02, 353.87], [602.6600000000001, 432.76000000000005], [581.53, 452.11], [569.3, 454.92], [567.1700000000001, 462.68], [557.44, 476.16], [551.82, 502.69], [523.3, 519.5], [516.67, 551.6800000000001], [501.01000000000005, 571.8299999999999], [480.8, 635.7], [445.4, 654.47], [430.27, 720.8499999999999], [339.16, 748.94], [336.76, 791.73], [299.72, 839.1800000000001]]
