heur = true
LBS_limit = 3
preproc = 1
total_time = 235.22
NDP = 70
total_nodes = 206659
pruned_nodes = 103330
heur_time = 0.38
Y_N = Any[[662.0386, 1305.1986], [651.3377, 1352.5021000000002], [636.7409, 1369.4612000000002], [635.7861, 1393.2082000000003], [628.7429, 1399.3112], [619.0464, 1399.5949], [614.7546, 1408.6307], [610.7388, 1433.83], [610.1866, 1499.7730000000001], [579.9609, 1560.0309000000002], [538.3775, 1563.2972], [537.2728, 1593.5285], [525.081, 1596.0703999999998], [525.0346999999999, 1601.9081], [517.5937, 1637.8503], [494.10990000000004, 1647.3341], [493.3451, 1647.4352], [488.3224, 1659.1237999999998], [483.0109, 1679.4026], [480.4474, 1725.1527], [457.68489999999997, 1725.5249], [448.04499999999996, 1727.022], [443.26279999999997, 1727.3337], [440.58119999999997, 1732.887], [439.59939999999995, 1739.0302000000001], [428.567, 1751.8028], [422.2127, 1773.2325], [420.5961, 1780.8467], [402.1035, 1780.8485999999998], [401.5403, 1781.7443], [398.7903, 1784.2194], [398.6204, 1794.7785], [397.47839999999997, 1797.6522], [386.77369999999996, 1799.903], [385.84489999999994, 1801.7726], [383.98220000000003, 1810.7830000000001], [374.7322, 1825.0652], [369.3306, 1827.5129], [366.1169, 1829.8820999999998], [365.7514, 1845.6267], [350.5782, 1872.1379000000002], [342.2691, 1881.2897], [338.82419999999996, 1904.5927999999997], [316.6515, 1913.0319000000002], [296.6865, 1917.9090999999999], [294.2394, 1964.2093], [256.0353, 1970.0323], [249.11539999999997, 1990.9328], [238.7842, 1995.6626999999999], [235.1295, 1996.7185], [222.4222, 2008.7604999999999], [216.4781, 2008.9506000000001], [196.5898, 2023.4734999999998], [191.4318, 2032.3825], [164.17309999999998, 2041.9936000000002], [147.2243, 2043.0819], [145.7165, 2044.9134], [143.47379999999998, 2045.2959], [139.7724, 2046.1456], [134.546, 2054.3139], [123.5855, 2058.1084], [119.88409999999999, 2060.1366], [116.3338, 2063.0028], [112.3768, 2065.7026], [98.4085, 2071.4127000000003], [85.1181, 2072.5729], [75.2212, 2073.3441], [71.1498, 2079.7011], [47.9625, 2082.3698999999997], [-0.0, 2082.5162]]
