heur = true
LBS_limit = 3
preproc = 1
total_time = 26.36
NDP = 67
total_nodes = 21981
pruned_nodes = 10991
heur_time = 0.54
Y_N = Any[[698.6817000000001, 200.3612], [682.3421000000001, 235.9229], [638.7175, 265.8302], [632.2728999999999, 336.38520000000005], [601.2777, 341.8501], [599.0452, 389.0145], [582.7161000000001, 441.6363], [573.9031, 442.8308], [570.1759, 461.1524], [563.2324000000001, 467.1629], [545.2788, 484.2949], [544.8791, 512.3294000000001], [530.1267, 512.6124], [520.3475000000001, 513.0245], [512.5623, 517.301], [509.2486, 530.3203000000001], [501.0059, 532.0957], [499.3156, 540.829], [497.4043, 541.3777], [491.65909999999997, 546.76], [490.8108, 568.1635], [490.67140000000006, 568.7692999999999], [483.70910000000003, 599.5689], [453.8375, 615.8419], [450.16549999999995, 626.9423999999999], [443.96169999999995, 630.5008], [443.4723, 631.5435], [440.702, 646.5998000000001], [420.822, 662.5237999999999], [412.0897, 670.6647], [409.7796, 687.071], [398.0412, 694.8171], [383.4971, 705.9550999999999], [370.125, 725.3081999999999], [367.39529999999996, 731.5636], [366.2581, 755.6195], [341.2904, 763.1048000000001], [336.894, 764.2149999999999], [331.9536, 770.0719], [323.41110000000003, 774.263], [323.3578, 789.9368999999999], [319.1615, 797.7183], [297.51599999999996, 806.2936], [293.6675, 816.1002], [290.6628, 817.6809000000001], [287.8551, 829.0285], [276.4575, 832.3885], [272.8933, 842.0613000000001], [263.87239999999997, 863.6133], [258.6198, 879.0360000000001], [251.1844, 890.8147999999999], [219.3638, 891.1234000000001], [217.84910000000002, 898.0516], [207.5291, 927.1648], [164.0085, 927.7781], [163.07, 928.5816], [158.79850000000002, 932.2322], [156.09529999999998, 934.0282], [145.8318, 936.4157], [145.5351, 947.4291], [131.8253, 957.7583], [92.41619999999999, 960.7201], [84.2453, 961.2134], [74.27569999999999, 964.1641000000001], [71.483, 969.9123000000001], [68.9712, 975.5645], [24.831599999999998, 985.9488]]
