heur = true
LBS_limit = 3
preproc = 1
total_time = 0.51
NDP = 12
total_nodes = 69
pruned_nodes = 35
heur_time = 0.23
Y_N = Any[[238.01000000000002, 15.76], [203.17000000000002, 87.85000000000001], [195.78000000000003, 96.28999999999999], [189.60000000000002, 108.96999999999998], [177.76, 111.25], [171.51, 128.96], [143.11, 177.96], [127.73, 180.41000000000003], [115.8, 181.91], [113.93, 182.55], [101.22, 196.82], [78.75, 229.9]]
