heur = true
LBS_limit = 3
preproc = 1
total_time = 5.01
NDP = 38
total_nodes = 3853
pruned_nodes = 1927
heur_time = 0.38
Y_N = Any[[738.3282, 724.6906000000001], [679.4425000000001, 760.5315], [668.9951000000001, 796.6360999999999], [653.0406, 808.9787000000001], [652.098, 835.3516], [650.3908, 873.2462999999999], [635.3571999999999, 886.4016], [632.4929, 899.0551], [627.4751000000001, 901.5070000000001], [606.7691, 930.8873000000001], [590.9914, 937.689], [590.4672, 949.2281], [585.4823, 959.3154000000001], [579.2176999999999, 975.6374000000001], [571.5798, 984.9052000000001], [540.9345, 1013.7342000000001], [538.1455, 1069.7655], [521.1182, 1071.9235], [517.0485, 1078.0664], [510.63480000000004, 1079.9486000000002], [492.8656, 1110.4009999999998], [463.7012, 1128.0915], [457.5727999999999, 1137.051], [431.1556, 1142.8595], [426.6248999999999, 1167.5457000000001], [421.3726, 1172.9772], [393.1214, 1197.4715], [379.6242, 1225.6556], [367.18240000000003, 1234.0400000000002], [366.00289999999995, 1240.4605], [341.543, 1262.2657], [313.22760000000005, 1276.3069], [288.8705, 1311.6563], [230.7048, 1314.5384], [230.29610000000002, 1340.8991999999998], [219.1427, 1352.7144], [184.04919999999998, 1354.6936], [181.3037, 1366.8165999999999]]
