heur = true
LBS_limit = 3
preproc = 1
total_time = 24.28
NDP = 45
total_nodes = 10697
pruned_nodes = 5349
heur_time = 2.05
Y_N = Any[[464.7933, 128.28969999999998], [454.67049999999995, 128.84429999999998], [445.85360000000003, 137.1641], [434.8313, 173.22339999999997], [416.134, 191.6131], [416.0426, 198.9349], [406.63509999999997, 203.92690000000002], [398.9606, 215.05259999999998], [390.8736, 248.37100000000004], [380.6939, 276.6368], [375.1383, 282.3292], [362.35580000000004, 282.7171], [358.01840000000004, 298.446], [349.6535, 318.8305], [348.80539999999996, 330.4532], [337.0012, 338.868], [319.28319999999997, 383.7975], [302.08500000000004, 387.17550000000006], [288.6652, 391.08209999999997], [274.4881, 404.745], [264.8929, 404.89020000000005], [260.5449, 408.02660000000003], [248.87990000000002, 459.17850000000004], [229.5329, 471.4074], [224.5068, 481.3938], [207.4828, 483.3672], [197.0116, 488.2312], [183.88600000000002, 489.3292], [180.5142, 496.4905], [177.9498, 499.98839999999996], [168.47320000000002, 528.3766], [166.6193, 537.4994999999999], [135.6362, 551.1168], [124.57289999999999, 572.7331999999999], [122.51249999999999, 575.7357], [120.7511, 577.4949], [105.126, 584.4984], [78.58539999999999, 585.0155], [77.94059999999999, 586.5684], [69.7733, 590.5154], [50.827, 591.741], [47.9867, 592.6932999999999], [46.1118, 594.8539], [41.6512, 601.9185], [5.3976, 602.315]]
