heur = true
LBS_limit = 3
preproc = 1
total_time = 64.67
NDP = 37
total_nodes = 22629
pruned_nodes = 11315
heur_time = 1.16
Y_N = Any[[533.49, 10.09], [491.66999999999996, 80.13], [489.47999999999996, 82.14999999999999], [485.6, 111.53], [480.82, 126.25], [480.81, 129.87], [460.04, 133.55], [460.03, 143.15], [458.78, 192.37], [445.85, 220.41999999999996], [428.42999999999995, 226.97], [426.76, 227.16000000000003], [426.02000000000004, 229.72], [422.39, 260.06], [406.94, 288.52], [387.15, 289.5], [386.27, 300.26], [386.13, 301.65], [382.30999999999995, 307.39], [376.59, 308.92999999999995], [374.95000000000005, 316.83], [362.87, 363.08], [346.33, 374.35], [338.42, 375.17999999999995], [338.24, 383.71999999999997], [338.03000000000003, 384.73], [322.52, 400.74999999999994], [309.94000000000005, 425.68000000000006], [282.27, 450.24], [281.41, 474.63], [263.51, 479.2], [250.5, 486.36], [241.02000000000004, 499.43], [220.82, 501.32], [217.60000000000002, 503.86], [214.82, 534.55], [209.19, 579.98]]
