heur = true
LBS_limit = 3
preproc = 1
total_time = 5.6
NDP = 39
total_nodes = 3959
pruned_nodes = 1980
heur_time = 0.29
Y_N = Any[[790.52, 178.01], [767.49, 206.73000000000002], [720.23, 244.06], [716.7900000000002, 266.4], [705.48, 270.23], [699.47, 270.36], [689.32, 277.72], [688.27, 316.22], [648.0600000000001, 325.18], [645.3800000000001, 345.78], [631.5, 359.17], [622.09, 373.41999999999996], [620.87, 377.25], [609.5799999999999, 380.56], [604.5799999999999, 393.24], [597.85, 402.94], [595.61, 403.6], [595.32, 435.03999999999996], [567.6600000000001, 450.18], [556.26, 453.15000000000003], [554.54, 480.58000000000004], [540.65, 483.53999999999996], [528.39, 488.89], [523.51, 499.55000000000007], [523.0, 511.59000000000003], [501.24000000000007, 529.5], [497.70000000000005, 533.04], [487.11, 539.9699999999999], [483.33000000000004, 543.26], [479.63, 566.48], [448.89, 584.6700000000001], [447.55, 592.24], [416.49, 609.95], [407.4000000000001, 613.26], [399.52, 641.09], [367.48, 665.29], [362.48, 669.4300000000001], [358.51, 679.1099999999999], [331.42, 688.38]]
