heur = true
LBS_limit = 3
preproc = 1
total_time = 6.8
NDP = 27
total_nodes = 3337
pruned_nodes = 1669
heur_time = 0.56
Y_N = Any[[296.37, 265.79999999999995], [265.37, 303.96000000000004], [255.04000000000002, 307.15], [253.95999999999998, 311.12], [249.47, 331.64], [232.43, 338.82], [214.56, 392.15000000000003], [199.88, 397.39000000000004], [191.89, 400.8], [188.0, 410.57000000000005], [173.47, 447.41999999999996], [173.07999999999998, 476.1700000000001], [155.81, 487.05000000000007], [120.09, 487.19000000000005], [118.96000000000001, 493.54999999999995], [109.19, 497.34], [102.86, 499.28000000000003], [96.66, 506.44000000000005], [90.33, 509.58], [88.50999999999999, 540.21], [79.08000000000001, 543.1400000000001], [78.53999999999999, 571.5999999999999], [56.65, 576.06], [55.11, 581.75], [48.78, 584.19], [25.59, 584.25], [23.19, 585.4300000000001]]
