heur = true
LBS_limit = 3
preproc = 1
total_time = 13.15
NDP = 25
total_nodes = 3339
pruned_nodes = 1670
heur_time = 1.86
Y_N = Any[[297.0391, 269.2606], [264.9963, 303.7076], [254.92899999999997, 305.2948], [254.74849999999998, 311.30949999999996], [246.9931, 330.1835], [229.2883, 340.0626], [215.6707, 390.3984], [202.39659999999998, 396.5493], [190.09629999999999, 401.0532], [184.7935, 408.54400000000004], [173.0072, 443.6412], [172.5221, 475.7307], [153.7149, 489.00750000000005], [117.6913, 489.3401], [117.19059999999999, 493.1585], [107.45179999999999, 498.45189999999997], [95.262, 509.3027000000001], [89.0745, 537.3354999999999], [78.9064, 541.2906], [77.3562, 573.9133], [56.3691, 574.6696000000001], [55.0999, 581.0504000000001], [31.0931, 582.6931], [24.0068, 583.1043], [-0.0, 584.6415999999999]]
