heur = true
LBS_limit = 3
preproc = 1
total_time = 3.38
NDP = 27
total_nodes = 803
pruned_nodes = 402
heur_time = 0.46
Y_N = Any[[286.37, 4.91], [282.84000000000003, 5.11], [272.91, 15.649999999999999], [261.27, 34.84], [254.61, 41.290000000000006], [240.05, 44.370000000000005], [238.2, 44.89], [235.78, 60.5], [235.45, 65.21], [233.05, 103.98], [228.29000000000002, 107.99000000000001], [223.34, 117.06], [212.16, 120.19999999999999], [208.3, 132.78], [195.66000000000003, 138.09], [186.67, 146.63], [182.47, 197.23000000000002], [173.99, 213.55], [131.95000000000002, 223.35000000000002], [119.94, 224.31], [117.86000000000001, 250.75], [117.44, 258.94], [106.37, 263.32], [101.8, 263.97], [99.36, 279.57], [91.16, 281.05], [84.81, 284.48]]
