heur = true
LBS_limit = 3
preproc = 1
total_time = 1.83
NDP = 15
total_nodes = 185
pruned_nodes = 93
heur_time = 0.88
Y_N = Any[[142.268, 123.3184], [140.60649999999998, 126.8455], [121.327, 186.5497], [113.6654, 188.7125], [106.83439999999999, 206.71939999999998], [97.2924, 263.4651], [68.5267, 279.0867], [56.6357, 279.3549], [51.1776, 283.53459999999995], [48.2339, 283.8905], [26.8132, 287.1156], [5.4287, 293.41610000000003], [3.0465, 295.2435], [2.4752, 296.1264], [-0.0, 298.9262]]
