heur = true
LBS_limit = 3
preproc = 1
total_time = 0.95
NDP = 10
total_nodes = 159
pruned_nodes = 80
heur_time = 0.36
Y_N = Any[[185.727, 124.95870000000001], [150.0775, 169.0222], [133.0258, 231.5534], [79.9869, 239.6516], [78.4941, 244.75690000000003], [75.2841, 274.4638], [40.1158, 285.1699], [38.649, 288.40369999999996], [14.0531, 298.341], [-0.0, 301.55870000000004]]
