heur = true
LBS_limit = 3
preproc = 1
total_time = 0.6
NDP = 12
total_nodes = 69
pruned_nodes = 35
heur_time = 0.31
Y_N = Any[[237.36539999999997, 14.9537], [206.30380000000002, 86.6518], [196.0587, 95.7632], [186.7209, 108.2865], [179.63670000000002, 111.69879999999999], [172.61200000000002, 128.5043], [142.5446, 179.3466], [127.6099, 182.4991], [115.69820000000001, 183.10430000000002], [101.0362, 195.99900000000002], [97.08099999999999, 196.0786], [79.619, 229.36669999999998]]
