heur = true
LBS_limit = 3
preproc = 1
total_time = 59.38
NDP = 54
total_nodes = 38839
pruned_nodes = 19420
heur_time = 0.51
Y_N = Any[[689.53, 257.71999999999997], [646.4200000000001, 315.72], [645.4100000000001, 321.43], [638.05, 350.96000000000004], [621.09, 405.65999999999997], [591.6500000000001, 416.48], [590.3900000000001, 424.40000000000003], [587.4000000000001, 442.01], [582.46, 474.24], [573.32, 478.43], [567.99, 514.87], [557.5999999999999, 517.13], [551.63, 545.25], [540.8100000000001, 549.47], [519.1, 608.16], [471.53000000000003, 608.8900000000001], [470.78000000000003, 647.75], [449.21, 653.4000000000001], [447.86, 661.0], [434.54, 661.9499999999999], [430.85, 663.28], [420.77, 666.66], [414.46999999999997, 680.5799999999999], [398.91999999999996, 707.88], [387.02, 720.78], [370.88, 732.1700000000001], [356.5, 752.0899999999999], [351.58000000000004, 763.77], [323.91, 765.95], [310.59, 782.4300000000001], [298.03, 784.24], [292.23, 799.23], [288.0, 800.14], [284.72, 800.3000000000002], [282.38, 811.11], [277.71000000000004, 814.49], [277.69, 827.3], [263.97, 860.15], [251.58999999999997, 865.0900000000001], [239.5, 866.3499999999999], [232.54, 870.06], [223.08, 878.31], [208.62, 903.4800000000001], [171.01, 911.31], [168.77, 914.16], [165.28, 933.6200000000001], [153.45999999999998, 944.8], [133.64999999999998, 955.16], [122.24, 967.53], [82.56, 971.99], [75.89, 974.55], [74.07, 979.0], [67.86, 994.6], [21.33, 1002.03]]
