heur = true
LBS_limit = 3
preproc = 1
total_time = 26.29
NDP = 73
total_nodes = 23753
pruned_nodes = 11877
heur_time = 0.57
Y_N = Any[[623.7275999999999, 847.3214], [589.0036, 858.5549], [571.5521, 887.8910000000001], [568.8675000000001, 958.7384], [541.303, 964.2460000000001], [517.9273000000001, 1001.3357000000001], [506.5856, 1025.127], [505.039, 1029.5238], [483.0936, 1044.1871], [482.662, 1044.9601], [471.43489999999997, 1045.9924], [466.31219999999996, 1060.9616], [446.0071, 1099.0207], [435.1477, 1108.0383], [425.0279, 1109.8088], [424.06170000000003, 1114.2835], [416.8665, 1128.1366], [412.49, 1128.9537], [403.2772, 1138.9457], [392.15250000000003, 1156.3645999999999], [381.80089999999996, 1188.4202], [369.1023, 1188.7752], [360.6533, 1192.7186], [358.38530000000003, 1209.6161], [339.8867, 1211.1279], [338.4115, 1211.4308], [337.863, 1215.73], [331.1133, 1216.5066], [324.0307, 1218.8002000000001], [323.2422, 1222.0074], [322.2095, 1222.6237], [320.7473, 1224.3413], [319.2007, 1229.7817], [311.303, 1257.5758], [306.45579999999995, 1273.0848], [298.1341, 1290.2312], [279.8531, 1296.2547], [277.5105, 1303.223], [243.5397, 1330.7531], [239.65869999999998, 1339.3665], [224.77609999999999, 1352.5357999999999], [219.0351, 1353.9045999999998], [218.0689, 1356.4325], [212.5016, 1357.3337000000001], [210.8289, 1357.8392], [205.9817, 1372.0031], [201.30720000000002, 1375.1761999999999], [199.30530000000002, 1379.0185999999999], [188.0782, 1380.5759000000003], [185.3581, 1385.3741], [174.131, 1386.2921999999999], [162.0438, 1398.3305], [150.51960000000003, 1425.0416], [133.08440000000002, 1436.7753], [125.37800000000001, 1448.3133], [97.3757, 1451.9678], [90.9209, 1452.2213], [89.4705, 1457.4945], [82.5655, 1463.8602999999998], [73.8545, 1464.2619], [71.6423, 1469.1721], [70.67609999999999, 1473.6231], [63.194199999999995, 1483.4664], [62.9205, 1485.6191], [57.7599, 1487.3143], [57.2487, 1489.8595], [49.8547, 1492.269], [45.3593, 1498.8485], [37.9653, 1499.2600000000002], [21.3412, 1500.0942999999997], [13.9472, 1502.6208000000001], [7.394, 1506.0287], [-0.0, 1506.7537]]
