heur = true
LBS_limit = 3
preproc = 1
total_time = 10.8
NDP = 54
total_nodes = 4087
pruned_nodes = 2044
heur_time = 0.99
Y_N = Any[[512.5322000000001, 9.6959], [497.4218, 33.048500000000004], [493.0137, 73.944], [478.26700000000005, 84.8928], [471.22380000000004, 100.4509], [469.1863, 100.6487], [468.66740000000004, 115.8109], [459.5499, 133.28040000000001], [459.30809999999997, 139.7888], [459.0844, 142.0034], [447.83000000000004, 147.6952], [437.7109, 156.91910000000001], [432.1223, 177.95229999999998], [418.3681, 193.51960000000003], [410.7886, 194.01170000000002], [410.7859000000001, 208.2536], [397.6358, 213.4572], [396.4044, 216.2636], [394.2614, 227.0822], [380.94630000000006, 239.01729999999998], [380.0138, 240.0899], [371.80730000000005, 264.6381], [368.978, 272.4601], [366.23850000000004, 278.8215], [356.21720000000005, 281.6621], [349.6324, 282.5112], [347.3419, 286.1638], [344.5774, 302.0095], [339.4597, 303.85290000000003], [336.5573, 310.6238], [325.39739999999995, 351.3556], [311.5316, 362.3355], [299.1723, 363.44179999999994], [296.9049, 365.1816], [289.20140000000004, 374.9285], [285.09459999999996, 379.09970000000004], [279.97890000000007, 386.0077], [270.9978, 387.7244], [269.2441, 390.85290000000003], [264.97709999999995, 417.8018], [263.3577, 425.90070000000003], [252.22590000000002, 426.1454], [250.5329, 433.56940000000003], [240.8989, 433.6902], [236.93599999999998, 437.92670000000004], [233.03580000000002, 438.5815], [230.964, 439.9246], [226.41500000000002, 445.6372], [215.8461, 457.9954], [212.16649999999998, 460.695], [203.89260000000002, 503.0855], [195.17430000000002, 520.3162], [152.6449, 525.5724], [152.1557, 537.9540000000001]]
