heur = true
LBS_limit = 3
preproc = 1
total_time = 6.28
NDP = 10
total_nodes = 73
pruned_nodes = 37
heur_time = 2.04
Y_N = Any[[236.70479999999998, 21.1421], [214.67989999999998, 38.6674], [199.57479999999998, 90.697], [181.8217, 93.8701], [180.2732, 111.0793], [175.2803, 116.35640000000001], [170.48430000000002, 127.58330000000001], [134.7801, 212.98319999999998], [106.7338, 247.4878], [100.0512, 278.8445]]
