heur = true
LBS_limit = 3
preproc = 1
total_time = 119.89
NDP = 61
total_nodes = 69217
pruned_nodes = 34609
heur_time = 1.16
Y_N = Any[[675.4033000000001, 305.5983], [670.5275999999999, 322.2412], [669.0740000000001, 331.4551], [661.8971999999999, 360.126], [658.3663, 370.86479999999995], [647.2783, 378.2428], [641.5533, 380.187], [637.1904999999999, 381.27059999999994], [634.5034, 397.77020000000005], [633.704, 415.93010000000004], [613.4010000000001, 444.98030000000006], [607.6747, 451.2291], [591.4037, 485.8017], [591.1791000000001, 493.34029999999996], [570.5502999999999, 509.1133], [567.5449, 510.15250000000003], [566.6154, 510.6207], [551.973, 523.4513000000001], [547.402, 523.47], [542.5802, 543.0624], [538.3477, 571.7688], [537.1103, 589.4583], [525.7684, 623.0549], [488.958, 634.9757], [483.35069999999996, 636.4599000000001], [466.7667, 649.4118000000001], [460.27939999999995, 673.3306], [455.09659999999997, 719.913], [422.9777, 723.2134], [415.4445, 736.0456000000001], [413.6808, 753.403], [396.1078, 786.4947999999999], [393.355, 804.8683], [367.1347, 824.1474000000001], [334.93280000000004, 832.3639000000001], [331.30240000000003, 834.0303], [326.75350000000003, 877.7383], [294.1252, 880.761], [277.6244, 893.3599999999999], [276.0921, 911.5796999999999], [245.20280000000002, 919.6059], [236.0761, 921.3480999999999], [221.95889999999997, 923.1818000000001], [217.54090000000002, 931.2517], [214.26710000000003, 938.9383], [204.4819, 944.4782], [204.3035, 959.419], [154.5739, 959.5463], [150.0634, 960.2576999999999], [142.0506, 961.1419000000001], [128.868, 961.3656], [127.983, 971.5441999999999], [116.11730000000001, 974.7455], [109.77060000000002, 975.5715], [104.39150000000001, 978.0941], [103.3118, 981.4435], [90.8714, 984.1885], [73.90960000000001, 989.644], [68.4554, 997.0127], [19.6062, 997.2622], [19.0487, 998.3423]]
