heur = true
LBS_limit = 3
preproc = 1
total_time = 0.96
NDP = 18
total_nodes = 185
pruned_nodes = 93
heur_time = 0.36
Y_N = Any[[265.2126, 2.2213], [246.8199, 7.053699999999999], [241.4773, 17.2125], [231.7822, 52.213699999999996], [196.4235, 100.6473], [190.4395, 106.5587], [188.4077, 109.893], [175.3077, 141.5051], [149.9441, 185.32789999999997], [117.7908, 199.7076], [114.5299, 229.93449999999999], [74.1583, 254.7886], [58.3317, 259.0681], [53.3229, 272.9992], [22.9739, 289.9263], [21.9728, 290.82349999999997], [18.2074, 297.985], [-0.0, 300.12870000000004]]
