heur = true
LBS_limit = 3
preproc = 1
total_time = 20.09
NDP = 44
total_nodes = 9611
pruned_nodes = 4806
heur_time = 0.58
Y_N = Any[[489.75379999999996, 105.4139], [472.4316, 113.5238], [459.57, 128.41559999999998], [446.6314, 129.20420000000001], [439.1166999999999, 138.6055], [433.8323, 185.7553], [430.3815, 186.89729999999997], [424.6984, 202.72609999999997], [410.91959999999995, 213.8062], [402.15610000000004, 259.8663], [377.6795, 275.92429999999996], [361.6255, 277.1432], [360.15909999999997, 286.7151], [354.19810000000007, 293.9877], [348.1577, 297.837], [340.04269999999997, 312.1545], [339.89979999999997, 315.13349999999997], [337.4056, 355.5782], [321.6703, 357.53159999999997], [320.03069999999997, 359.96639999999996], [311.2699, 393.807], [285.625, 394.17359999999996], [281.12120000000004, 396.9937], [277.5819, 411.80179999999996], [269.5329, 446.8003], [245.139, 452.1032], [244.3338, 452.3544999999999], [237.7706, 453.4722], [236.8688, 453.96090000000004], [233.18740000000003, 455.1414], [226.0111, 457.50030000000004], [222.7399, 467.2364], [210.35940000000002, 472.7769], [206.73329999999999, 489.5425], [205.2232, 497.6404], [197.46640000000002, 515.507], [194.33589999999998, 535.9877999999999], [163.7948, 537.1818999999999], [161.8255, 543.4289], [151.94170000000003, 551.155], [140.321, 563.7777000000001], [137.6148, 572.2894], [118.12389999999999, 577.6976999999999], [116.1977, 586.7789]]
