heur = true
LBS_limit = 3
preproc = 1
total_time = 58.21
NDP = 57
total_nodes = 39051
pruned_nodes = 19526
heur_time = 0.54
Y_N = Any[[690.3966, 257.39549999999997], [644.8324, 322.74789999999996], [640.0694000000001, 348.46439999999996], [619.1525, 350.64149999999995], [618.5651, 406.2419], [592.4445000000001, 422.1696], [588.7389000000001, 439.76649999999995], [583.2059, 472.21750000000003], [569.1633, 480.3412], [563.5935000000001, 489.4383], [563.5262, 516.2853], [555.631, 518.1516], [550.4007, 542.0455999999999], [549.3775, 546.6039000000001], [542.1772000000001, 549.7771], [516.4209, 608.5327], [474.26779999999997, 610.5768], [470.45430000000005, 645.1012], [448.253, 649.5118], [447.77700000000004, 658.6305], [434.4018, 662.1006], [430.83480000000003, 664.2105], [418.8696, 666.9916000000001], [412.6212, 678.7152], [395.0318, 708.3907], [382.7839, 720.3121], [370.17440000000005, 732.7843], [353.97530000000006, 751.1741], [350.94090000000006, 761.9316], [320.9936, 767.4872], [307.72339999999997, 781.6284], [306.4623, 782.2335], [300.5618, 784.3343], [290.5482, 795.6813], [289.2174, 797.8364000000001], [280.86920000000003, 811.2555], [276.6775, 824.7434], [260.9837, 827.624], [259.12260000000003, 857.2954], [246.7343, 861.9923], [237.79179999999997, 863.1911], [229.9277, 870.7173], [223.75009999999997, 875.2625], [202.8852, 905.0707], [171.16679999999997, 914.7697], [167.0857, 933.054], [153.9446, 942.7234000000001], [134.0717, 950.8389], [126.3904, 952.6854], [123.9089, 963.9721], [100.0735, 964.3304], [87.0273, 965.4658], [81.0959, 971.8756000000001], [75.4464, 976.5938000000001], [69.47879999999999, 996.1384], [22.5127, 1000.3068999999999], [-0.0, 1002.4146000000001]]
