heur = true
LBS_limit = 3
preproc = 1
total_time = 6.21
NDP = 20
total_nodes = 1107
pruned_nodes = 554
heur_time = 0.97
Y_N = Any[[217.7122, 79.378], [207.5159, 112.4767], [178.2735, 113.68], [164.2647, 121.12360000000001], [157.5734, 183.6134], [128.1526, 192.503], [124.2398, 195.7706], [108.6265, 203.59629999999999], [91.5127, 207.92899999999997], [90.9975, 208.4571], [89.9731, 211.8771], [86.08619999999999, 223.34700000000004], [73.5414, 266.9818], [57.424400000000006, 274.7627], [57.2085, 276.1682], [57.0119, 276.947], [54.0304, 289.5793], [31.415399999999998, 300.2416], [11.5438, 300.8807], [-0.0, 302.0929]]
