heur = true
LBS_limit = 3
preproc = 1
total_time = 158.98
NDP = 65
total_nodes = 69075
pruned_nodes = 34538
heur_time = 0.87
Y_N = Any[[673.78, 304.42], [671.01, 323.14], [666.78, 332.71], [655.46, 361.63], [652.94, 369.13], [642.9, 376.06], [637.9100000000001, 377.64], [635.0999999999999, 382.46000000000004], [633.41, 396.17], [632.57, 402.76], [630.55, 413.1], [614.03, 445.45], [604.78, 449.49999999999994], [597.17, 451.05999999999995], [590.65, 481.78999999999996], [587.24, 493.34999999999997], [569.45, 503.86], [564.84, 508.08], [562.6099999999999, 508.15], [552.65, 523.02], [543.4, 524.9100000000001], [541.01, 539.24], [539.13, 588.61], [522.78, 622.16], [487.88, 633.4300000000001], [480.69000000000005, 634.9], [467.83000000000004, 635.6700000000001], [465.80999999999995, 639.77], [464.11, 647.99], [461.22999999999996, 648.0999999999999], [459.61, 671.45], [452.28, 714.33], [424.22, 722.07], [416.59, 734.1500000000001], [413.25, 753.48], [397.08, 785.99], [391.04, 808.2699999999999], [370.01, 824.94], [333.64, 835.67], [329.83000000000004, 836.0999999999999], [329.55, 875.65], [294.11, 879.3499999999999], [280.62, 896.45], [274.91999999999996, 912.22], [245.27, 919.29], [234.12, 919.8299999999999], [223.32000000000002, 924.26], [217.20000000000002, 934.6599999999999], [216.08, 936.78], [205.07999999999998, 943.1], [203.59, 958.6600000000001], [181.45000000000002, 958.9300000000001], [155.46, 960.52], [140.84, 961.9200000000001], [125.01, 969.3], [115.83, 972.79], [111.1, 975.0500000000001], [105.63, 975.77], [100.49, 977.36], [97.55000000000001, 980.8399999999999], [88.4, 988.7], [73.13, 989.32], [68.92, 990.81], [43.74, 996.3199999999999], [19.5, 998.5899999999999]]
