heur = true
LBS_limit = 3
preproc = 1
total_time = 3.76
NDP = 22
total_nodes = 803
pruned_nodes = 402
heur_time = 0.84
Y_N = Any[[288.15790000000004, 2.8422], [284.9396, 5.7032], [271.7415, 17.3252], [262.0302, 33.223], [254.3391, 43.6506], [241.6211, 49.3091], [235.5627, 104.8496], [229.6481, 111.9265], [222.53310000000002, 117.37620000000001], [210.80480000000003, 121.0587], [209.6946, 134.15640000000002], [195.3142, 137.9939], [185.9625, 148.3911], [182.0344, 196.55700000000002], [173.5082, 214.7469], [132.26080000000002, 223.1471], [120.22810000000001, 227.4414], [118.09159999999999, 260.5478], [104.8432, 263.5754], [101.3318, 281.3617], [91.24199999999999, 281.4373], [84.63419999999999, 284.6735]]
