heur = true
LBS_limit = 3
preproc = 1
total_time = 21.64
NDP = 30
total_nodes = 3959
pruned_nodes = 1980
heur_time = 3.3
Y_N = Any[[787.4717, 177.2509], [765.7891999999999, 205.3045], [717.3772000000001, 244.79540000000003], [716.6644000000001, 268.7555], [690.8091999999999, 278.66470000000004], [685.9137000000001, 316.46360000000004], [647.7928999999999, 346.06669999999997], [634.1911, 362.24210000000005], [619.6975, 379.082], [610.0104, 379.3318], [604.2994000000001, 389.4125], [600.5907, 405.9570999999999], [593.6626, 433.60849999999994], [568.244, 449.33059999999995], [555.629, 450.54060000000004], [552.0627999999999, 484.63359999999994], [526.2564, 492.70539999999994], [523.0394, 512.2552000000001], [500.9339, 535.6306], [486.5305, 540.033], [482.2265, 567.2079], [449.18270000000007, 589.7081999999999], [448.72720000000004, 594.326], [417.2931, 605.7187], [406.7622, 613.2331999999999], [396.7177, 642.6365000000001], [368.1799, 671.2271999999999], [359.84720000000004, 675.4621999999999], [354.4323, 684.8756], [327.81730000000005, 694.2043]]
