heur = true
LBS_limit = 3
preproc = 1
total_time = 2.28
NDP = 21
total_nodes = 591
pruned_nodes = 296
heur_time = 0.51
Y_N = Any[[235.17560000000003, 27.6455], [220.3084, 63.8262], [202.4585, 74.634], [202.43189999999998, 110.5431], [199.78719999999998, 121.08770000000001], [171.959, 126.4156], [169.7996, 172.249], [148.1224, 184.47879999999998], [135.152, 192.796], [128.8121, 193.5297], [127.2718, 195.7181], [120.1609, 207.7396], [101.1515, 209.62380000000002], [101.0954, 250.7664], [84.866, 260.121], [70.6178, 261.8609], [57.3408, 280.83279999999996], [46.7233, 285.342], [46.38, 301.59090000000003], [5.1363, 302.37399999999997], [-0.0, 302.6767]]
