heur = true
LBS_limit = 3
preproc = 1
total_time = 6.83
NDP = 54
total_nodes = 4091
pruned_nodes = 2046
heur_time = 0.42
Y_N = Any[[513.21, 9.23], [498.26000000000005, 31.849999999999998], [494.91999999999996, 74.50999999999999], [477.88, 85.28], [471.98, 99.86], [470.6, 116.81], [460.95000000000005, 141.31], [460.01, 143.32], [448.5, 147.16000000000003], [437.67999999999995, 159.96], [433.0, 179.08], [420.17, 193.39], [411.01, 194.82999999999998], [409.45000000000005, 206.23000000000002], [400.41999999999996, 207.78], [399.85, 213.45], [396.40999999999997, 218.85000000000002], [395.14, 227.41], [381.56, 240.33999999999997], [374.86, 267.34], [368.75, 275.14], [364.5, 278.03], [356.19000000000005, 282.16999999999996], [348.9, 282.28000000000003], [347.04999999999995, 285.34000000000003], [346.09999999999997, 304.65999999999997], [338.74, 307.85], [336.34, 311.74], [328.04, 313.55], [322.77, 326.79999999999995], [321.2, 332.09000000000003], [320.93, 348.82], [309.46000000000004, 362.86], [294.5, 367.22], [289.12, 370.48], [289.08000000000004, 373.91], [285.63, 380.40999999999997], [281.44000000000005, 385.47], [269.78, 388.38], [266.73, 389.98], [265.47, 420.79], [263.87, 426.81], [252.20000000000002, 429.01], [246.09, 432.86], [241.31, 433.14], [236.37, 439.81], [228.69, 446.44], [215.95, 450.77], [214.77, 455.34000000000003], [214.11, 458.29], [202.82999999999998, 505.16], [191.69, 518.53], [155.48000000000002, 524.75], [154.02, 536.4100000000001]]
