heur = true
LBS_limit = 3
preproc = 1
total_time = 1.03
NDP = 18
total_nodes = 209
pruned_nodes = 105
heur_time = 0.37
Y_N = Any[[256.9637, 33.141099999999994], [222.8355, 38.5158], [202.54489999999998, 53.412], [197.853, 91.36080000000001], [192.98020000000002, 109.0355], [187.8492, 121.8309], [181.4799, 125.46549999999999], [172.6817, 127.34880000000001], [169.97249999999997, 137.3899], [168.435, 143.8954], [164.9303, 190.4312], [162.27249999999998, 196.295], [132.5803, 205.6447], [132.2441, 207.1735], [126.31060000000001, 211.64], [111.81909999999999, 228.0088], [96.61599999999999, 230.034], [91.6054, 284.6809]]
