heur = true
LBS_limit = 3
preproc = 1
total_time = 1.92
NDP = 21
total_nodes = 803
pruned_nodes = 402
heur_time = 0.33
Y_N = Any[[661.4997, 293.42949999999996], [635.2781, 306.34440000000006], [621.0804, 330.8603], [603.5395, 334.43589999999995], [603.5205, 351.7434], [599.6179, 433.88259999999997], [582.2106, 449.85220000000004], [568.7556, 457.68039999999996], [553.3286, 467.0333], [552.111, 477.83629999999994], [550.936, 497.51680000000005], [525.4513999999999, 522.2677], [516.5488, 549.5361], [501.1533, 561.8215], [500.25280000000004, 571.7587], [478.7242, 628.3661999999999], [448.7162, 652.5713000000001], [431.24760000000003, 714.5880000000001], [342.7021, 744.8744999999999], [341.9873, 793.5113], [303.5639, 836.6958999999999]]
