heur = false
LBS_limit = 3
preproc = 1
total_time = 26.63
NDP = 70
total_nodes = 21981
pruned_nodes = 10991
heur_time = 0.0
Y_N = Any[[701.26, 195.29], [685.63, 234.22], [640.77, 264.32], [633.3399999999999, 335.12], [603.3, 371.68], [601.54, 385.55], [583.32, 400.30000000000007], [583.1500000000001, 440.59], [575.59, 442.19000000000005], [569.7, 442.38], [568.9200000000001, 459.86], [561.76, 465.03000000000003], [545.27, 482.5799999999999], [541.71, 507.14], [531.19, 513.3999999999999], [511.03999999999996, 514.0799999999999], [510.71000000000004, 529.79], [506.46000000000004, 534.66], [502.71, 538.55], [497.44000000000005, 542.5], [492.95000000000005, 566.0899999999999], [490.4, 570.62], [483.99, 596.71], [455.80999999999995, 600.16], [455.4, 615.47], [452.55, 626.46], [448.09000000000003, 627.93], [442.55000000000007, 631.4499999999999], [440.09000000000003, 648.32], [424.21999999999997, 648.72], [418.64, 661.1500000000001], [412.37, 667.2], [410.59000000000003, 683.12], [399.52, 684.45], [396.24, 685.28], [395.58000000000004, 692.5899999999999], [384.19000000000005, 695.6600000000001], [380.35, 699.01], [379.15000000000003, 704.8199999999999], [370.65000000000003, 722.7900000000001], [367.42999999999995, 733.53], [364.36, 752.3599999999999], [339.36, 764.13], [330.23, 770.11], [324.27000000000004, 773.79], [323.26, 789.75], [317.67999999999995, 795.05], [302.73, 795.6800000000001], [299.31, 797.5], [296.49, 805.8399999999999], [293.20000000000005, 815.69], [285.17, 829.05], [275.6, 834.3499999999999], [270.5, 839.26], [265.66999999999996, 842.0799999999999], [265.25, 868.27], [261.03000000000003, 879.85], [250.75, 890.55], [216.62999999999997, 893.76], [209.27999999999997, 930.79], [157.63, 936.9999999999999], [145.59, 940.4], [143.51, 946.3499999999999], [138.86, 946.78], [134.89, 951.02], [130.55, 961.06], [74.27, 966.32], [70.36, 966.92], [68.86, 974.14], [25.080000000000002, 979.78]]
