heur = false
LBS_limit = 3
preproc = 1
total_time = 235.18
NDP = 65
total_nodes = 206679
pruned_nodes = 103340
heur_time = 0.0
Y_N = Any[[664.73, 1306.8899999999999], [651.7, 1346.62], [650.69, 1357.1], [638.53, 1396.68], [631.2199999999999, 1400.52], [614.95, 1416.25], [612.64, 1503.33], [580.15, 1565.55], [538.8, 1592.0100000000002], [537.8900000000001, 1595.21], [532.61, 1599.79], [526.74, 1610.9], [517.08, 1636.72], [496.18, 1654.6], [488.64, 1656.44], [486.88, 1665.0700000000002], [482.96999999999997, 1680.75], [478.82, 1720.83], [466.79999999999995, 1725.8500000000001], [448.85, 1727.03], [447.16999999999996, 1733.7399999999998], [441.61, 1734.53], [440.40999999999997, 1736.8], [438.46, 1738.9899999999998], [428.65, 1749.5], [424.17999999999995, 1774.0], [419.48, 1782.4499999999998], [402.1, 1787.5000000000002], [399.71000000000004, 1796.0700000000002], [397.62, 1796.7600000000002], [389.3, 1803.4899999999998], [386.08, 1809.8400000000001], [378.11, 1820.8500000000001], [373.8, 1823.48], [369.38, 1827.37], [367.71, 1829.08], [365.6, 1830.44], [365.43, 1848.54], [352.76, 1874.2], [342.75, 1881.07], [339.90999999999997, 1904.46], [318.76, 1914.41], [297.96999999999997, 1922.19], [297.34, 1964.9399999999998], [257.13, 1978.43], [251.03999999999996, 1996.1200000000001], [239.99, 1997.8], [224.06, 2014.51], [198.11, 2022.7], [191.58999999999997, 2029.22], [165.62, 2036.8600000000001], [163.66, 2040.6899999999998], [148.28, 2047.79], [146.32, 2048.38], [136.14000000000001, 2054.42], [125.08, 2056.12], [122.33, 2058.21], [120.37, 2058.95], [116.54, 2065.08], [100.21000000000001, 2065.17], [85.58, 2069.25], [84.75, 2074.04], [72.28, 2078.73], [48.0, 2083.3199999999997], [-0.0, 2085.5499999999997]]
