heur = false
LBS_limit = 3
preproc = 1
total_time = 0.64
NDP = 10
total_nodes = 159
pruned_nodes = 80
heur_time = 0.0
Y_N = Any[[187.95, 125.38], [151.36, 170.01999999999998], [132.23, 234.4], [81.80000000000001, 241.15], [78.96000000000001, 245.79], [74.1, 274.76], [40.01, 284.70000000000005], [38.34, 288.71999999999997], [15.0, 298.78], [-0.0, 302.42]]
