heur = false
LBS_limit = 3
preproc = 1
total_time = 1.88
NDP = 21
total_nodes = 591
pruned_nodes = 296
heur_time = 0.0
Y_N = Any[[235.33, 27.6], [222.94, 63.77], [203.44, 111.36], [201.43, 122.59], [173.39, 125.62], [170.25, 171.42000000000002], [150.03, 186.13], [134.60000000000002, 192.65], [127.73, 195.88], [120.01, 206.65], [102.38, 209.31], [101.32, 250.21], [85.76, 260.53], [68.65, 262.02], [57.03, 279.54999999999995], [49.349999999999994, 281.03000000000003], [47.39, 284.12], [46.99, 299.13], [34.98, 299.85], [9.9, 300.31], [-0.0, 301.44]]
