heur = false
LBS_limit = 3
preproc = 1
total_time = 215.28
NDP = 73
total_nodes = 107319
pruned_nodes = 53660
heur_time = 0.0
Y_N = Any[[824.26, 109.41], [750.0699999999999, 220.63], [734.31, 296.15999999999997], [680.69, 308.85], [674.68, 330.55000000000007], [669.35, 341.15999999999997], [664.3900000000001, 377.86], [622.83, 399.17], [619.62, 415.91999999999996], [601.8, 432.53], [585.2700000000001, 435.39], [584.51, 439.77], [583.5999999999999, 440.13], [582.59, 468.47999999999996], [574.5699999999999, 468.5799999999999], [566.09, 484.97], [559.72, 486.57000000000005], [544.1199999999999, 489.26], [539.0699999999999, 530.3], [524.5500000000001, 537.63], [523.23, 574.02], [491.46000000000004, 581.4499999999999], [489.63, 585.24], [488.70000000000005, 596.67], [481.51, 611.46], [454.90000000000003, 619.29], [448.58, 628.12], [444.92, 652.82], [424.81999999999994, 661.46], [423.01000000000005, 673.9], [405.49, 680.5400000000001], [395.23, 706.5699999999999], [380.46000000000004, 707.55], [368.35, 710.87], [367.28999999999996, 717.21], [365.95, 722.1299999999999], [364.38, 751.1800000000001], [342.07, 754.75], [340.16, 756.44], [330.6, 756.55], [328.56, 759.01], [327.99, 773.29], [318.73, 780.0799999999999], [315.51, 783.9100000000001], [312.48, 789.8600000000001], [311.53, 814.5], [291.82, 826.19], [285.71999999999997, 829.72], [280.75, 844.9499999999999], [265.86, 847.4200000000001], [259.34000000000003, 864.5], [257.74, 868.25], [248.36, 875.44], [242.89, 875.8199999999999], [230.54, 894.08], [227.61, 906.86], [214.35, 926.69], [190.83, 942.21], [165.70999999999998, 959.04], [153.07999999999998, 965.8600000000001], [139.95000000000002, 970.1799999999998], [115.71, 972.29], [115.09, 976.4100000000001], [113.60000000000001, 991.76], [91.16, 992.91], [85.06, 995.93], [66.77, 996.8199999999999], [64.18, 997.1], [59.26, 999.44], [51.59, 999.5999999999999], [50.2, 1000.3300000000002], [18.86, 1002.37], [-0.0, 1003.05]]
