heur = false
LBS_limit = 3
preproc = 1
total_time = 2.92
NDP = 24
total_nodes = 823
pruned_nodes = 412
heur_time = 0.0
Y_N = Any[[274.46, 14.19], [242.91, 44.53], [220.32, 96.68], [201.8, 102.56], [199.20000000000002, 115.74000000000001], [188.89999999999998, 135.21], [176.93, 184.63], [149.68, 187.04000000000002], [141.82999999999998, 188.34], [138.79000000000002, 191.45], [138.43, 211.52999999999997], [99.49999999999999, 221.63], [97.42, 238.32], [97.21000000000001, 250.97000000000003], [93.56, 269.86], [89.62, 277.0], [86.13, 281.02000000000004], [76.65, 281.86], [61.129999999999995, 294.59000000000003], [43.98, 297.3], [19.34, 298.5], [18.380000000000003, 298.7], [12.95, 300.73], [-0.0, 301.76]]
