heur = false
LBS_limit = 3
preproc = 1
total_time = 0.77
NDP = 17
total_nodes = 209
pruned_nodes = 105
heur_time = 0.0
Y_N = Any[[258.32, 34.9], [224.38, 38.94], [203.71, 53.78], [199.91000000000003, 91.48], [192.61, 108.99000000000001], [189.29999999999998, 121.45], [180.95, 126.25999999999999], [175.97, 127.04], [171.07999999999998, 135.36], [168.43, 142.82], [163.38000000000002, 192.33999999999997], [162.41, 195.89999999999998], [133.7, 208.04], [128.45999999999998, 211.87999999999997], [111.25, 228.37], [96.30000000000001, 228.54], [91.23, 283.38]]
