heur = false
LBS_limit = 3
preproc = 1
total_time = 19.72
NDP = 40
total_nodes = 9619
pruned_nodes = 4810
heur_time = 0.0
Y_N = Any[[490.62999999999994, 103.64], [471.97999999999996, 109.59], [460.90000000000003, 126.75999999999999], [441.69, 135.29999999999998], [434.72999999999996, 184.17000000000002], [428.08, 186.34], [427.90999999999997, 199.74999999999997], [413.0, 213.55], [405.98, 258.59000000000003], [377.86, 276.24], [361.62, 285.67], [358.31000000000006, 287.1], [355.51, 293.34], [351.18999999999994, 297.47], [340.31000000000006, 313.63], [338.15999999999997, 356.16999999999996], [324.74, 356.84], [313.21999999999997, 392.72999999999996], [281.30999999999995, 398.32000000000005], [276.04, 413.29], [269.94, 448.02], [245.56, 450.38], [245.36, 451.11], [239.36, 454.82], [237.47000000000003, 455.71999999999997], [228.31, 457.09000000000003], [223.75, 467.41999999999996], [212.55, 468.0], [210.3, 471.06], [207.58, 489.95], [203.93, 497.96999999999997], [199.26, 514.37], [194.79000000000002, 536.66], [165.05, 537.02], [163.07, 543.17], [153.91000000000003, 543.24], [151.76, 551.8399999999999], [141.21, 562.3199999999999], [136.93, 572.71], [117.8, 586.5699999999999]]
