heur = false
LBS_limit = 3
preproc = 1
total_time = 24.43
NDP = 78
total_nodes = 23753
pruned_nodes = 11877
heur_time = 0.0
Y_N = Any[[624.62, 847.1], [592.3499999999999, 856.0], [587.0, 861.75], [573.76, 887.56], [567.4499999999999, 957.6599999999999], [539.36, 968.11], [517.24, 1000.6700000000001], [506.11, 1007.7], [504.59000000000003, 1024.17], [503.27, 1026.91], [483.99, 1039.3899999999999], [481.14, 1043.1], [472.53000000000003, 1044.67], [462.96999999999997, 1059.33], [446.58, 1059.4199999999998], [444.03, 1093.73], [442.63, 1097.6499999999999], [435.93999999999994, 1103.17], [424.21, 1106.5700000000002], [422.5, 1109.47], [421.9, 1110.9099999999999], [417.5, 1125.63], [411.56999999999994, 1128.35], [403.14, 1133.3200000000002], [389.40999999999997, 1138.16], [388.92999999999995, 1156.72], [380.46999999999997, 1179.9], [368.44, 1186.0500000000002], [358.78, 1188.96], [355.68, 1205.92], [339.46, 1208.76], [337.22999999999996, 1210.0800000000002], [329.89, 1216.2400000000002], [323.23999999999995, 1216.7200000000003], [321.59, 1218.27], [321.49, 1218.96], [320.44, 1220.61], [319.84000000000003, 1223.29], [318.52, 1225.99], [308.57, 1226.1100000000001], [307.03000000000003, 1256.44], [303.13, 1265.0900000000001], [296.42, 1281.64], [279.26, 1299.38], [242.43, 1309.33], [240.51000000000002, 1329.0], [237.21, 1335.38], [223.0, 1342.81], [221.68, 1350.99], [219.45, 1354.02], [211.68, 1355.94], [204.12, 1365.5], [200.62, 1375.1799999999998], [189.15999999999997, 1380.0099999999998], [186.95999999999998, 1381.43], [175.5, 1385.65], [160.17, 1392.0900000000001], [150.86, 1424.36], [132.78, 1434.75], [124.02, 1444.42], [97.07000000000001, 1447.8], [94.75999999999999, 1451.3899999999999], [90.16, 1454.03], [87.19, 1457.79], [82.97999999999999, 1461.5], [73.13, 1463.1], [70.23, 1469.1999999999998], [69.63, 1469.9699999999998], [64.86, 1482.72], [58.059999999999995, 1483.6599999999999], [57.75999999999999, 1489.23], [50.489999999999995, 1491.55], [44.41, 1495.25], [37.14, 1497.08], [20.93, 1500.0700000000002], [13.66, 1501.4499999999998], [7.27, 1504.9299999999998], [-0.0, 1507.19]]
