heur = false
LBS_limit = 3
preproc = 1
total_time = 4.65
NDP = 36
total_nodes = 3853
pruned_nodes = 1927
heur_time = 0.0
Y_N = Any[[742.37, 722.67], [678.07, 758.1799999999998], [672.12, 796.65], [653.1999999999999, 808.08], [652.81, 872.13], [635.39, 881.9000000000001], [630.6500000000001, 894.49], [626.33, 899.1500000000001], [606.87, 931.6099999999999], [591.12, 949.7], [586.56, 956.6800000000001], [582.21, 957.08], [578.63, 974.5200000000001], [569.72, 980.37], [540.1800000000001, 980.71], [539.4, 1012.38], [538.15, 1067.5900000000001], [519.15, 1078.57], [490.48, 1109.03], [465.36, 1129.6100000000001], [454.77, 1137.04], [430.84000000000003, 1141.26], [424.75, 1168.85], [421.71999999999997, 1169.8600000000001], [418.63, 1174.63], [393.4, 1185.02], [392.1, 1199.26], [379.29999999999995, 1225.8000000000002], [364.39000000000004, 1242.5500000000002], [339.46000000000004, 1261.13], [313.13, 1278.09], [287.38, 1310.1100000000001], [232.5, 1345.4], [217.26, 1353.31], [183.26999999999998, 1356.7600000000002], [179.99, 1368.98]]
