heur = false
LBS_limit = 3
preproc = 1
total_time = 7.16
NDP = 21
total_nodes = 1107
pruned_nodes = 554
heur_time = 0.0
Y_N = Any[[215.92, 80.19], [207.14, 113.22], [180.13, 115.38], [166.37, 121.17], [156.75, 183.84], [129.39000000000001, 192.01000000000002], [124.8, 196.5], [107.41, 205.26], [91.42, 209.35], [89.61, 211.10000000000002], [89.02000000000001, 212.21], [84.48, 223.7], [73.0, 270.3], [57.02, 275.45], [56.39, 276.54], [55.900000000000006, 279.22], [53.69, 288.79], [47.15, 290.89], [31.17, 298.78], [12.9, 300.35], [-0.0, 302.2]]
